# Runtimes of edge based GPU version (double, for loop):
#vertices: [640,640,1228,2368,2368,4680,18280,36308,144148,287604]
runtime in ms: [91,79,96,101,97,124,261,422,1322,5187]
init edge lengths: [1.125,0.975,0.825,0.6749999999999999,0.5249999999999999,0.3749999999999999,0.2249999999999999,0.125,0.075]

nVertices: 287604
initCL: 423 ms
initMem/Args: 25 ms
edge len computation: 4401152 ns
partial sum scaling: 287744 ns
sum scaling factor: 9216 ns

compute forces: 5768192 ns
move vertices: 274432 ns
label edge: 14613504 ns
flip 1: 902144 ns
flip 2: 900096 ns
flip 3: 893952 ns
repair ds: 1424384 ns
re-label: 1095680 ns


# Runtimes of edge based GPU version (float, for loop):
#vertices: [640,640,1228,2368,2368,4680,18280]
runtime in ms: [82,68,70,84,83,96,145]
init edge lengths: [1.125,0.975,0.825,0.6749999999999999]


# Runtimes of vertex based GPU version (double):
#vertices: [640,640,1228,2368,2368,4680,18280,36308,144148,287604]
runtime in ms: [87,76,93,95,104,124,271,398,2905,10683]
init edge lengths: [1.125,0.975,0.825,0.6749999999999999,0.5249999999999999,0.3749999999999999,0.2249999999999999,0.125,0.075]

nVertices: 287604
initCL: 423 ms
initMem/Args: 25 ms
compute edge lengths: 5224448 ns
compute partial sum: 286720 ns
compute sum: 9216 ns

compute forces: 3657728 ns
move vertices: 294912 ns

label edges: 16409600 ns
flip 1 event: 891904 ns
flip 2 event: 891904 ns
flip 3 event: 890880 ns
unlock faces: 125952 ns

# Runtimes of sequential CPU version (double):
#vertices: [640,640,1228,2368,2368,4680,18280,36308,144148,287604]
runtime in ms: [438,439,834,1632,1626,3268,13872,28112,111300,218573]
init edge lengths: [1.125,0.975,0.825,0.6749999999999999,0.5249999999999999,0.3749999999999999,0.2249999999999999,0.125,0.075,0.05]

nVertices: 287604
compute scale factor:420487492 ns
compute forces:153091624 ns
move vertices:224534678 ns
flip edges:297065219 ns

// none cache friendly
#vertices: [640,640,1228,2368,2368,4680,18280,36308,144148]
runtime in ms: [475,480,904,1825,1818,3719,19027,41041,172248]
init edge lengths: [1.125,0.975,0.825,0.6749999999999999,0.5249999999999999,0.3749999999999999,0.2249999999999999,0.125,0.075]


# Runtimes of parallel CPU version (double):
#vertices: [640,640,1228,2368,2368,4680,18280,36308,144148,287604]
runtime in ms: [208,243,330,625,678,1240,4766,9485,37663,74723]
init edge lengths: [1.125,0.975,0.825,0.6749999999999999,0.5249999999999999,0.3749999999999999,0.2249999999999999,0.125,0.075,0.05]

nVertices: 287604
flip edges:105541200
compute scale factor:164487027
compute forces:85180001
move vertices:95499524

// none cache friendly
#vertices: [640,640,1228,2368,2368,4680,18280,36308,144148]
runtime in ms: [228,244,376,696,682,1478,6519,15487,61572]
init edge lengths: [1.125,0.975,0.825,0.6749999999999999,0.5249999999999999,0.3749999999999999,0.2249999999999999,0.125,0.075]




# Qualities

print qualities for unified tri 0.5 with prob 0.0
#steps: [0,1,2,3,4,5,6,7,8,9,10,11,12,13,14,15,16,17,18,19,20,21,22,23,24,25,26,27,28,29,30,31,32,33,34,35,36,37,38,39,40,41,42,43,44,45,46,47,48,49,50,51,52,53,54,55,56,57,58,59,60,61,62,63,64,65,66,67,68,69,70,71,72,73,74,75,76,77,78,79,80,81,82,83,84,85,86,87,88,89,90,91,92,93,94,95,96,97,98,99,100,101,102,103,104,105,106,107,108,109,110,111,112,113,114,115,116,117,118,119,120,121,122,123,124,125,126,127,128,129,130,131,132,133,134,135,136,137,138,139,140,141,142,143,144,145,146,147,148,149,150,151,152,153,154,155,156,157,158,159,160,161,162,163,164,165,166,167,168,169,170,171,172,173,174,175,176,177,178,179,180,181,182,183,184,185,186,187,188,189,190,191,192,193,194,195,196,197,198,199]
quality: [0.828427124746211,0.8141134243108616,0.834647917763418,0.8408176989387076,0.8461440208683046,0.8506711839058213,0.8549433437974342,0.8590992061257865,0.8632212866696661,0.8675542938494568,0.8721181934556963,0.8766958304505675,0.8814944277624039,0.8864552002615971,0.8917473491995495,0.8971987034570598,0.9027957283640842,0.908512563363352,0.914298014729798,0.919993424203667,0.9256725866749033,0.9310989009147238,0.9363240786643022,0.9410273334335885,0.945141695738312,0.9487586998041571,0.9518125465970081,0.9544582716456472,0.9566138460974967,0.9583532557851243,0.9597476292444923,0.960871589221795,0.9617613990906303,0.9624780682555558,0.9630553463911059,0.9635238835406545,0.963907515196497,0.9642238191112168,0.9645704754335734,0.9648836211334849,0.9651539233099873,0.9654000799444462,0.9656233301321021,0.9658283331237805,0.966018651491997,0.9661971373062789,0.9663659602614508,0.9665268340614188,0.9666809931425826,0.966819213958687,0.9669387171082434,0.9670421452060276,0.9671307448077602,0.9672071605052016,0.9673370999304296,0.9674758459403995,0.967602849312672,0.9677244234078759,0.9678409530573838,0.9679529846469104,0.968060835056144,0.9681645980623184,0.9682646017257024,0.9683610146774466,0.9684540035946975,0.9685436593439727,0.9686300350906246,0.9687131395419608,0.9687914098860791,0.968862945966512,0.9689293037883582,0.9689911859473967,0.9690468730712294,0.9690967632598413,0.9691418546578656,0.9691827548434107,0.9692201143783215,0.9692544005216406,0.969285989563189,0.9693151946690189,0.9693422560396389,0.9693673848239537,0.969390743100589,0.9694124759844169,0.9694326953640198,0.9694511993859803,0.9694681894685117,0.9694838270282382,0.9694981889694219,0.9695113262993161,0.9695232745157337,0.9695340580283577,0.9695429666265692,0.9695504694676275,0.9695567305448697,0.9695614437020299,0.96956451378282,0.969565470246807,0.9695644232576972,0.9695614705239443,0.9695565118668135,0.9695494777371879,0.9695403360147153,0.9695290308937555,0.9695148587071226,0.9694982390011359,0.9694791272869472,0.9695294089466563,0.9695490212070333,0.9695677602090929,0.9695854710199671,0.9696020346399293,0.9696172812856967,0.9696310371191698,0.9696430910808318,0.969653212162039,0.9696611338743885,0.9696664247639981,0.9697205980750896,0.9697565068408113,0.9697864028277489,0.9698120234499032,0.9698341857594139,0.9698532721085052,0.9698696291340423,0.9698832494605707,0.9698941825648414,0.9699022126785041,0.9699051627558248,0.9699007748735478,0.9698919823378429,0.9698782185273449,0.9698601785577178,0.969837693702593,0.9698601835263947,0.9698768964642898,0.969891903299849,0.9699050573150969,0.9699162060966124,0.9699250806520214,0.9699313476638427,0.9699345512376599,0.9699341317669249,0.9700120230359562,0.9700522938408886,0.9700873108238842,0.9701186542093354,0.970146334726672,0.9701848299473081,0.9702132071457709,0.9702382765964938,0.9703312510522867,0.9703966859065649,0.9704572829828604,0.9705110752837364,0.9705552215012586,0.9706693530127323,0.9707816472180796,0.9708883359398804,0.970977594987235,0.9710474053832321,0.9711061533242726,0.9711545291404046,0.9711946544335526,0.9712273369499713,0.9712537196571418,0.9712743781934117,0.9712899635277901,0.9713008397269,0.9713073716913172,0.971309766818531,0.9713082120875699,0.971302779737072,0.9712933869170696,0.9713788276439982,0.971416996251363,0.9714537949880495,0.9714891556357931,0.971523022507546,0.9715552818515041,0.9715856525431887,0.9716765055463955,0.9717384232078508,0.9717985094797226,0.9718548266213531,0.9719037056779326,0.9719472871221692,0.9719864765698081,0.9720218374085383,0.9720529368992308,0.9720749309016676,0.9720913287156473,0.9721029531529319,0.972110064084935,0.972113080655437,0.9721121067635494,0.9721068712682904,0.9720974813226291,0.9720842679915992,0.9720671202145317]

print qualities for unified tri 0.5 with prob 0.01
#steps: [0,1,2,3,4,5,6,7,8,9,10,11,12,13,14,15,16,17,18,19,20,21,22,23,24,25,26,27,28,29,30,31,32,33,34,35,36,37,38,39,40,41,42,43,44,45,46,47,48,49,50,51,52,53,54,55,56,57,58,59,60,61,62,63,64,65,66,67,68,69,70,71,72,73,74,75,76,77,78,79,80,81,82,83,84,85,86,87,88,89,90,91,92,93,94,95,96,97,98,99,100,101,102,103,104,105,106,107,108,109,110,111,112,113,114,115,116,117,118,119,120,121,122,123,124,125,126,127,128,129,130,131,132,133,134,135,136,137,138,139,140,141,142,143,144,145,146,147,148,149,150,151,152,153,154,155,156,157,158,159,160,161,162,163,164,165,166,167,168,169,170,171,172,173,174,175,176,177,178,179,180,181,182,183,184,185,186,187,188,189,190,191,192,193,194,195,196,197,198,199]
quality: [0.828427124746211,0.8124548195584915,0.8355992007236009,0.842512903822529,0.8480703049668582,0.852872762272084,0.8573676057266134,0.8616812740776423,0.8659703706771905,0.8702903796363107,0.874845230976434,0.8793863361047303,0.8841087413850484,0.8889012303102635,0.8938830784102737,0.898925445409736,0.9040480538003336,0.9092147974204744,0.9143046475833452,0.9192879096557447,0.9241957468979838,0.9288252895167094,0.9331252965033842,0.9372062838018713,0.9408325555964735,0.9440087624271131,0.9468206688294104,0.949257336393312,0.9513364955195595,0.9531444656178754,0.9547536645876215,0.9561055531834431,0.9572753888009644,0.9583267287550882,0.9592649695893276,0.9600617123146524,0.9607374493552884,0.9613379016871613,0.9618647543917992,0.9623313727136781,0.9627710440490287,0.9632193991339184,0.9636226661145153,0.9639858554799462,0.9643407377734842,0.9646510092396188,0.9649343874083977,0.9651899994564461,0.9654556833504411,0.9656896015431329,0.9659443696628116,0.9661725200996233,0.9663878944418423,0.9665886592722615,0.9667784616754512,0.9669575990323945,0.9671404257030848,0.9673153725055379,0.9674746473027107,0.9676172496277785,0.9677583377492444,0.9679281256133608,0.9680683942155931,0.9682144117536857,0.9683476892778666,0.9684701688057608,0.9685821508470662,0.9687275585845134,0.968853046953773,0.9689701934595146,0.9690883471985655,0.9692123508281766,0.969316367395662,0.9694152691269293,0.9695042295672736,0.9695924532678978,0.9696817585780363,0.9697606658164791,0.9698317198314167,0.9698945925414785,0.9699538211339955,0.9700185389125753,0.9701013237675806,0.9701889045887647,0.9702756323051142,0.9703781579559975,0.9704605894380343,0.9705354434398232,0.9706078368143362,0.9706834599621667,0.9707465906709145,0.9708119978460288,0.9708831293934905,0.9709600356757392,0.9710260543606797,0.9710938307930097,0.9711548678831783,0.9712091849935304,0.9712829000500136,0.9713536377137505,0.9714295397521236,0.9714902918712617,0.9715444684755835,0.971616325425858,0.9716778844761812,0.9717361971987605,0.9717898858066208,0.9718334496312165,0.9718700578979146,0.9719028774169731,0.9719299883858323,0.9719532801251154,0.9719815369066039,0.9720084106155058,0.9720311056790235,0.9720504792777884,0.9720669822244327,0.9720808013434694,0.9720999358564393,0.9721276061639386,0.9721519491130954,0.9721798133761421,0.972203686292561,0.9722256029444686,0.9722460305974364,0.9722643054043296,0.9722800121944705,0.9723012490730857,0.9723177344607518,0.9723308427663322,0.9723511774464094,0.9723642009731422,0.9723744387514761,0.972382098246126,0.972395886714002,0.972405660262977,0.9724198765539881,0.9724281963431792,0.9724410164758869,0.972448682110121,0.972469827925088,0.9725017365563627,0.9725257961432976,0.9725486232089119,0.9725786226265569,0.9726137536392768,0.972643417409952,0.9726713138217514,0.9726970137683119,0.9727199302246023,0.9727412540501964,0.9727593323564142,0.9727747494753215,0.9727878737213745,0.9727989440554802,0.9728080821818341,0.9728153353436639,0.9728275559533323,0.9728354478712156,0.972841038066627,0.972844619296756,0.9728478268419818,0.9728589545795225,0.972878768240069,0.9728951128896826,0.9729091809232022,0.9729222638032147,0.9729343353714932,0.9729453546593197,0.9729625924851091,0.9729760724351325,0.9729880316454901,0.9729986564592357,0.97300784847646,0.9730239048263949,0.9730431661553579,0.9730586637775467,0.9730728996595452,0.9730856649388624,0.973098779886943,0.9731095730127262,0.9731281912535455,0.9731405898197061,0.9731512607928418,0.9731600366758781,0.9731837197717149,0.9732088055275047,0.9732311910126835,0.9732523167738182,0.9732720299091908,0.9732917629449105,0.9733101526093988,0.9733324126083347,0.9733516691752845,0.9733683987121142,0.9733828914048058,0.9733953643771259,0.9734058482917328,0.9734201569818645,0.9734363762226311]

print qualities for unified tri 0.5 with prob 0.05
#steps: [0,1,2,3,4,5,6,7,8,9,10,11,12,13,14,15,16,17,18,19,20,21,22,23,24,25,26,27,28,29,30,31,32,33,34,35,36,37,38,39,40,41,42,43,44,45,46,47,48,49,50,51,52,53,54,55,56,57,58,59,60,61,62,63,64,65,66,67,68,69,70,71,72,73,74,75,76,77,78,79,80,81,82,83,84,85,86,87,88,89,90,91,92,93,94,95,96,97,98,99,100,101,102,103,104,105,106,107,108,109,110,111,112,113,114,115,116,117,118,119,120,121,122,123,124,125,126,127,128,129,130,131,132,133,134,135,136,137,138,139,140,141,142,143,144,145,146,147,148,149,150,151,152,153,154,155,156,157,158,159,160,161,162,163,164,165,166,167,168,169,170,171,172,173,174,175,176,177,178,179,180,181,182,183,184,185,186,187,188,189,190,191,192,193,194,195,196,197,198,199]
quality: [0.828427124746211,0.8055642188788423,0.8415860707163215,0.8517400109978459,0.8584894854234286,0.8639334439175222,0.868942111745552,0.8737065631200197,0.8784758611838426,0.8831165895246236,0.887920444675147,0.8928113619833216,0.8975364903257258,0.9023329602512077,0.9069800053199919,0.9114387846063388,0.9156686364310941,0.9197351130466476,0.9234847394010155,0.9272966212664637,0.9308502409242604,0.9340827295723879,0.9369222392683935,0.9394701605440142,0.941747829990265,0.9438844572510703,0.9457924953976984,0.9474782313580701,0.9489225522804323,0.9501784422013694,0.9513654782878076,0.9524961982724048,0.9535814464143489,0.9545720824639308,0.9554857254056162,0.9563259316137588,0.95710852367045,0.9578440684174853,0.9584504963926566,0.9590446292306954,0.9595823933638866,0.9600532116937595,0.9604987237407503,0.9609141593275536,0.9613315199082332,0.9616952373557148,0.9620558330402441,0.9623796534115828,0.9626644290540494,0.9629408181655694,0.9631832293608643,0.9634001613189738,0.9636094770858442,0.9638313666239862,0.964069694686438,0.96429699056673,0.9645045570888702,0.9647533441064458,0.9649793924458511,0.9652298873515218,0.9654593543894313,0.9656480199038082,0.9658272262861011,0.96599354204207,0.9661452361045855,0.9662750941787043,0.966397008525354,0.9665079197164143,0.9666459137251051,0.9667760135236295,0.9668921343464999,0.9670180280372623,0.9671201249829322,0.9672397253611373,0.9673497988022306,0.9674384064246256,0.9675534542580944,0.9676575977278636,0.9677600465846735,0.9678540266465959,0.9679501877159724,0.9680262415287222,0.9681195316483826,0.9682220594402114,0.9683009678538347,0.9683938518476917,0.9684976187363682,0.9685791763707775,0.9686613837758545,0.9687277024495536,0.9687831345749597,0.9688595458372333,0.9689168526993606,0.9689853809200465,0.969044982475797,0.9691015797434508,0.9691686000653021,0.9692304822985096,0.9692981239891724,0.9693515565508355,0.9694223136411926,0.9694941317961221,0.9695626512823372,0.9696261410614814,0.9696973671653911,0.9697559707550163,0.9698063698110925,0.9698576914258819,0.9698987656025682,0.969931682643668,0.9699848809895985,0.9700390432074718,0.9701147633460454,0.9701766150999239,0.970234571792566,0.9702952926206361,0.9703704798749282,0.9704377372326635,0.9704972290979725,0.9705509856763184,0.970599654682418,0.9706454440908061,0.970685206985254,0.9707198142702383,0.9707492607596235,0.9707755205828147,0.9707975968470671,0.9708186163814425,0.9708484359461151,0.9708737749810529,0.9708926777605472,0.9709183418534909,0.9709371169473324,0.9709597041793222,0.9709868523545208,0.9710074777094416,0.9710443860864968,0.9710884498951239,0.9711439579993986,0.9711877716539823,0.9712305516189227,0.9712870110274116,0.9713324577277558,0.9713974634333711,0.9714531442307754,0.9715018126871984,0.9715402791049487,0.9715893533671125,0.9716269573337755,0.9716568950365221,0.9716933837023201,0.9717252240860603,0.9717486348866967,0.9717858020947281,0.9718202821928031,0.9718553196161951,0.9718857220401367,0.9719133791987815,0.9719404548396356,0.9719694701316661,0.9719945171374935,0.9720167949547162,0.9720357878244625,0.9720516306845842,0.972074051833734,0.9720907861041679,0.972111744351889,0.9721288716992293,0.9721423618713884,0.9721530259353988,0.9721611843500532,0.9721688119493178,0.97217355450944,0.972181561823946,0.972190350013057,0.9721968854535196,0.9722011322057307,0.9722031145004074,0.9722039533033852,0.9722024348960426,0.9722081812132196,0.9722092225049992,0.9722162915551829,0.9722326966883644,0.9722635855226631,0.9722829377387188,0.9723064592162747,0.9723275897199444,0.9723503959905055,0.9723689895283165,0.9724012232316328,0.9724277660883041,0.9724554950385498,0.9724809752309275,0.9725046925510524,0.9725284579383101,0.9725469406160525,0.9725644453656782,0.9725773565512045,0.9726062028270811]

print qualities for unified tri 0.5 with prob 0.1
#steps: [0,1,2,3,4,5,6,7,8,9,10,11,12,13,14,15,16,17,18,19,20,21,22,23,24,25,26,27,28,29,30,31,32,33,34,35,36,37,38,39,40,41,42,43,44,45,46,47,48,49,50,51,52,53,54,55,56,57,58,59,60,61,62,63,64,65,66,67,68,69,70,71,72,73,74,75,76,77,78,79,80,81,82,83,84,85,86,87,88,89,90,91,92,93,94,95,96,97,98,99,100,101,102,103,104,105,106,107,108,109,110,111,112,113,114,115,116,117,118,119,120,121,122,123,124,125,126,127,128,129,130,131,132,133,134,135,136,137,138,139,140,141,142,143,144,145,146,147,148,149,150,151,152,153,154,155,156,157,158,159,160,161,162,163,164,165,166,167,168,169,170,171,172,173,174,175,176,177,178,179,180,181,182,183,184,185,186,187,188,189,190,191,192,193,194,195,196,197,198,199]
quality: [0.8284271247462112,0.7993753516257371,0.8474171242090487,0.8575739164227669,0.8641641484464638,0.8695663851322717,0.8746495054012786,0.879602062943832,0.8846027858073605,0.8897306037433548,0.8946234126684406,0.8995494559789591,0.9041810664321319,0.9086668402607792,0.912919806158496,0.9168580083934884,0.9207022617285648,0.924336655955741,0.9278239234269207,0.9310493068345594,0.9340793977634783,0.9368405222079511,0.9392911765365001,0.9415576367707247,0.9435701539278012,0.9452606855615433,0.9468699370708022,0.9482143448879973,0.9494856250553767,0.950586643671808,0.9515705821967024,0.9525214762005366,0.9533385027446833,0.9541592826960251,0.9549452690657261,0.955713605577931,0.9563824026240768,0.9570308678029349,0.9576817316222014,0.958390530451013,0.9590060948994914,0.959568491173961,0.9600926030430877,0.9605581726795379,0.9610143330912091,0.9613964915600353,0.9617624177645948,0.9620641181695931,0.9623457804903155,0.9625830161382405,0.9628714316091793,0.9631502163551123,0.9634285987766941,0.9636653851440602,0.96394979581161,0.9641910600811997,0.9644404850200473,0.9646881482772536,0.9649109792954915,0.9650966449173726,0.9652916535833723,0.9654897852638396,0.9656735205392368,0.9658515223041683,0.9660236609457963,0.9662391426620774,0.9664176128874976,0.9665646551891589,0.9667695097325096,0.9669306351168458,0.9670924586980036,0.9672580757261736,0.9674253645880655,0.9675901527903961,0.9677457497082353,0.9679073718968578,0.9680541189738494,0.9681974934546931,0.9683252201456041,0.9684391833366376,0.9685607333186258,0.9686607508348527,0.9687548744046167,0.968843365681807,0.968924151678488,0.9690078479546034,0.9690944421487272,0.9691673797011005,0.9692344937762846,0.9693169602657584,0.9693896711782956,0.9694532333572838,0.9695109270833686,0.9695664172959552,0.969612145981137,0.9696692238854456,0.9697282052265195,0.9697995676009074,0.9698556956394561,0.9699177089414838,0.9700044992421267,0.9700838594685156,0.9701492527898581,0.9702199903230576,0.9702766453175581,0.9703299077696459,0.9703856670952412,0.9704269490615096,0.9704607690077917,0.9705032843775646,0.9705321761239857,0.9705895143578058,0.9706494638704353,0.9707310915503442,0.9707969912364594,0.970851077925647,0.9709038247619903,0.9710012781029168,0.9710642724144941,0.97113025279513,0.9711807363903671,0.9712392449865604,0.9712897364016027,0.9713376008759093,0.9713775189835552,0.971424999168433,0.9714562492868278,0.9715087849797441,0.9715625317836081,0.971624753724772,0.9716697547705134,0.9717172236162912,0.9717653805629177,0.9718042626163931,0.9718402652783048,0.9718759162499021,0.9719076322282179,0.9719384981166632,0.9719628477209972,0.9720004418083474,0.9720261647544779,0.972046669636219,0.9720640749174918,0.9720749790895741,0.9720792982605064,0.9720778309691206,0.9721082949829809,0.9721422952689212,0.9721620102032485,0.972191418732205,0.9722117142405768,0.9722539113932989,0.9722957994167162,0.9723441913359838,0.9723978690516182,0.9724464962461171,0.9724967605281339,0.9725412847474086,0.972586168193695,0.9726344901306453,0.9726773472611093,0.9727202402917682,0.9727539470560269,0.9727938731047961,0.9728273784197147,0.9728723425165046,0.9729106410522907,0.9729570769497232,0.9729919132632254,0.9730211193609303,0.9730447173567954,0.9730700867184158,0.9730884992266003,0.97312378564549,0.9731653869014044,0.9731993214872053,0.9732408539371223,0.9732756369765659,0.9733071757937826,0.9733346139681112,0.9733678766199848,0.9733908724982102,0.9734148422861202,0.9734315526603285,0.9734493674183702,0.9734736705841976,0.9734912279686793,0.9735123327319081,0.9735293723129771,0.9735430845607581,0.9735531819216441,0.9735657300897003,0.973583771366116,0.9736043337303723,0.9736464235478017,0.9736743484596373,0.9737062734761939,0.9737355413789103,0.9737624803280972,0.9737867509390269]






# CPU paper: Prozessor	Intel(R) Core(TM) i5-7400 CPU @ 3.00GHz, 3000 MHz, 4 Kern(e), 4 logische(r) Prozessor(en)

EikMesh:
#vertices: [294,1101,4145,15855,61998]
runtime in ms: [67,158,676,2115,9727]
init edge lengths: [0.1,0.05,0.025,0.0125,0.00625]

DistMesh
#vertices: [87,347,1456,5708,22796]
runtime in ms: [124,125,660,3138,16125]
init edge lengths: [0.1,0.05,0.025,0.0125,0.00625]