Das Problem von Bene bzgl. des Aufstauen der Personen am Anfang des Korridors habe ich durch das hinzuf체gen von W채nden vermieden.

Mit der Standard Konfiguration des OSM:

Verteilungen bei Schrittweite 1/16 - 1 Lauf
	230	231	232	frames
0	0.0	0.000000	1.000000	64
1	0.0	0.142857	0.857143	1
2	0.0	0.166667	0.833333	5
3	0.0	0.200000	0.800000	27
4	0.0	0.222222	0.777778	1
5	0.0	0.250000	0.750000	39
6	0.0	0.285714	0.714286	11
7	0.0	0.333333	0.666667	69
8	0.0	0.375000	0.625000	3
9	0.0	0.400000	0.600000	60
10	0.0	0.428571	0.571429	9
11	0.0	0.500000	0.500000	131
12	0.0	0.571429	0.428571	13
13	0.0	0.600000	0.400000	56
14	0.0	0.625000	0.375000	3
15	0.0	0.666667	0.333333	84
16	0.0	0.714286	0.285714	5
17	0.0	0.750000	0.250000	48
18	0.0	0.800000	0.200000	12
19	0.0	0.833333	0.166667	7
20	0.0	0.857143	0.142857	1
21	0.0	1.000000	0.000000	85

1. 	Die Trajektorien sehen sehr 채hnlich zu den Orginalen aus. 
	Bei vielen Personen, d.h. hoher Dichte, bleiben auch die simulierten Personen auf dem Weg zum Ziel auf der Seite von der sie kahmen.
	
2. Jedoch laufen die Szenarien wesentlich schneller ab.

Bene Konfiguration:

Verteilungen bei Schrittweite 1/16 - 3 L채ufe
	230	231	232	frames
0	0.0	0.000000	1.000000	1537
1	0.0	0.142857	0.857143	2
2	0.0	0.166667	0.833333	75
3	0.0	0.200000	0.800000	271
4	0.0	0.250000	0.750000	657
5	0.0	0.285714	0.714286	85
6	0.0	0.333333	0.666667	1691
7	0.0	0.375000	0.625000	49
8	0.0	0.400000	0.600000	944
9	0.0	0.428571	0.571429	263
10	0.0	0.444444	0.555556	10
11	0.0	0.500000	0.500000	4017
12	0.0	0.555556	0.444444	10
13	0.0	0.571429	0.428571	214
14	0.0	0.600000	0.400000	967
15	0.0	0.625000	0.375000	32
16	0.0	0.666667	0.333333	1810
17	0.0	0.714286	0.285714	69
18	0.0	0.750000	0.250000	750
19	0.0	0.800000	0.200000	216
20	0.0	0.833333	0.166667	71
21	0.0	0.857143	0.142857	6
22	0.0	0.875000	0.125000	3
23	0.0	1.000000	0.000000	1814

1. sehr viele doppelte bilder
2. Szenarien sind nochmal schneller