#IDXCOL=1,DATACOL=2,SEP=' '
timeStep areaDensityCountingNormed-PID3 areaSpeed-PID5
1 0.0 NaN
2 0.0 NaN
3 0.0 NaN
4 0.0 NaN
5 0.0 NaN
6 0.0 NaN
7 0.0 NaN
8 0.0 NaN
9 0.0 NaN
10 0.0 NaN
11 0.0 NaN
12 0.0 NaN
13 0.0 NaN
14 0.0 NaN
15 0.0 NaN
16 0.0 NaN
17 0.0 NaN
18 0.0 NaN
19 0.0 NaN
20 0.0 NaN
21 0.0 NaN
22 0.0 NaN
23 0.0 NaN
24 0.0 NaN
25 0.0 NaN
26 0.0 NaN
27 0.0 NaN
28 0.0 NaN
29 0.0 NaN
30 0.0 NaN
31 0.0 NaN
32 0.0 NaN
33 0.0 NaN
34 0.0 NaN
35 0.0 NaN
36 0.0 NaN
37 0.0 NaN
38 0.0 NaN
39 0.0 NaN
40 0.0 NaN
41 0.0 NaN
42 0.0 NaN
43 0.0 NaN
44 0.0 NaN
45 0.0 NaN
46 0.0 NaN
47 0.0 NaN
48 0.0 NaN
49 0.0 NaN
50 0.0 NaN
51 0.0 NaN
52 0.0 NaN
53 0.0 NaN
54 0.0 NaN
55 0.0 NaN
56 0.0 NaN
57 0.0 NaN
58 0.0 NaN
59 0.0 NaN
60 0.0 NaN
61 0.0 NaN
62 0.0 NaN
63 0.0 NaN
64 0.0 NaN
65 0.0 NaN
66 0.0 NaN
67 0.0 NaN
68 0.0 NaN
69 0.0 NaN
70 0.0 NaN
71 0.0 NaN
72 0.0 NaN
73 0.0 NaN
74 0.0 NaN
75 0.0 NaN
76 0.0 NaN
77 0.0 NaN
78 0.0 NaN
79 0.0 NaN
80 0.0 NaN
81 0.0 NaN
82 0.0 NaN
83 0.0 NaN
84 0.0 NaN
85 0.0 NaN
86 0.0 NaN
87 0.0 NaN
88 0.0 NaN
89 0.0 NaN
90 0.0 NaN
91 0.0 NaN
92 0.0 NaN
93 0.0 NaN
94 0.0 NaN
95 0.0 NaN
96 0.0 NaN
97 0.0 NaN
98 0.0 NaN
99 0.0 NaN
100 0.0 NaN
101 0.0 NaN
102 0.0 NaN
103 0.0 NaN
104 0.0 NaN
105 0.0 NaN
106 0.0 NaN
107 0.0 NaN
108 0.0 NaN
109 0.0 NaN
110 0.0 NaN
111 0.0 NaN
112 0.0 NaN
113 0.0 NaN
114 0.0 NaN
115 0.0 NaN
116 0.0 NaN
117 0.0 NaN
118 0.0 NaN
119 0.0 NaN
120 0.0078870573389068 NaN
121 0.0078870573389068 NaN
122 0.023661172016720397 1.1214386387150712
123 0.023661172016720397 0.8601669523704233
124 0.023661172016720397 1.1268881336289895
125 0.023661172016720397 0.7531416889191224
126 0.023661172016720397 1.0973031105003195
127 0.0315482293556272 0.7471998020306859
128 0.039435286694534 1.1639809880469247
129 0.047322344033440794 0.9140652827648106
130 0.047322344033440794 1.1053112130634248
131 0.055209401372347595 0.8157999149685372
132 0.07098351605016119 1.1360361711649878
133 0.07098351605016119 0.8591266298376429
134 0.07098351605016119 1.118867244196823
135 0.09464468806688159 0.836970489482699
136 0.09464468806688159 1.1186961366261174
137 0.09464468806688159 0.885585114789326
138 0.09464468806688159 1.06519083287722
139 0.09464468806688159 0.9454721397863178
140 0.09464468806688159 1.0197892179246706
141 0.11041880274469519 0.9593197660402591
142 0.118305860083602 1.0085331499216024
143 0.118305860083602 0.9870067394335987
144 0.1261929174225088 0.9474209363250259
145 0.14196703210032238 1.0208345283500588
146 0.14196703210032238 0.9448183692650818
147 0.14196703210032238 1.017765268996687
148 0.1656282041170428 0.9306426010232948
149 0.1656282041170428 0.9916731402328115
150 0.1656282041170428 0.8654977018187273
151 0.1735152614559496 0.9978787501438126
152 0.18140231879485638 0.8929943472085735
153 0.2129505481504836 0.9331028245812921
154 0.2129505481504836 1.0006807783365954
155 0.2129505481504836 0.9001708419319826
156 0.236611720167204 0.9472608317530188
157 0.236611720167204 0.9513847572321089
158 0.236611720167204 0.9463656485185268
159 0.236611720167204 1.0124067023909324
160 0.2602728921839244 0.9422578458129549
161 0.2602728921839244 0.9870742971597362
162 0.2602728921839244 0.9355842094394741
163 0.2602728921839244 0.9696822609100004
164 0.276047006861738 0.9329234638475417
165 0.3075952362173652 1.0128360921607888
166 0.3075952362173652 0.9364748649880777
167 0.32336935089517876 0.9351133043570444
168 0.32336935089517876 1.0317988077703697
169 0.33914346557299235 0.8672940955784799
170 0.354917580250806 1.011365406056547
171 0.354917580250806 0.8446377264984162
172 0.3706916949286196 1.062712071671612
173 0.37857875226752635 0.8838313854296184
174 0.37857875226752635 1.0189684157402008
175 0.3864658096064332 0.8551618802563544
176 0.41801403896206035 1.0156182133952532
177 0.4259010963009672 0.9173342336410149
178 0.4259010963009672 0.9724478117298619
179 0.433788153639874 0.9116656552838798
180 0.44167521097878076 0.9524614031217974
181 0.4495622683176876 0.9586916387146195
182 0.4653363829955012 0.9484413229075384
183 0.4653363829955012 0.9402428751192602
184 0.473223440334408 0.8900671124974393
185 0.473223440334408 0.9977977503176206
186 0.473223440334408 0.901176050058456
187 0.48111049767331476 0.9958339088380421
188 0.49688461235112835 0.9201601244526191
189 0.49688461235112835 0.9293580212257528
190 0.49688461235112835 0.9498175718166071
191 0.5205457843678488 0.9371173564772148
192 0.5284328417067555 0.9577183146769077
193 0.5363198990456624 0.936727341798707
194 0.5363198990456624 0.917649005555376
195 0.5599810710623828 0.9378481166794097
196 0.5678681284012895 0.9317968018705203
197 0.5678681284012895 0.9329784105117278
198 0.5678681284012895 0.9244031447259791
199 0.59152930041801 0.9510793690582747
200 0.59152930041801 0.919565189526449
201 0.59152930041801 0.8805210763006112
202 0.6073034150958235 0.9500565561777942
203 0.6151904724347304 0.9155408345452516
204 0.6151904724347304 0.937907056392138
205 0.6151904724347304 0.9145814183121183
206 0.6151904724347304 0.9491704174455572
207 0.6388516444514508 0.9177086946219278
208 0.6467387017903575 0.9661432219921847
209 0.6546257591292644 0.8975546083246599
210 0.6625128164681712 0.9822639660596972
211 0.670399873807078 0.8879794695710291
212 0.6861739884848915 0.9424569456709546
213 0.6782869311459847 0.9418874649650584
214 0.6861739884848915 0.9092653681045704
215 0.6861739884848915 0.9579395891507988
216 0.709835160501612 0.8816116524156169
217 0.709835160501612 0.9517914585527036
218 0.7177222178405187 0.9386955076295393
219 0.7334963325183324 0.9209488764897078
220 0.7413833898572392 0.9667897321862234
221 0.7413833898572392 0.9212288419597242
222 0.749270447196146 0.947131278176197
223 0.749270447196146 0.9366174802162439
224 0.749270447196146 0.9524608402571851
225 0.7650445618739595 0.9216730500867225
226 0.7650445618739595 0.9367084401710352
227 0.7650445618739595 0.8682047723137757
228 0.7729316192128663 0.9363336414067567
229 0.7729316192128663 0.8830896263095364
230 0.7808186765517732 0.930163934078173
231 0.7808186765517732 0.8875971716998672
232 0.7808186765517732 0.9386078178866608
233 0.78870573389068 0.9046967878945648
234 0.78870573389068 0.9557457335401778
235 0.8044798485684935 0.8933410970247072
236 0.8202539632463072 0.959397722575873
237 0.7965927912295867 0.88947053688852
238 0.7965927912295867 0.8869816980246003
239 0.8123669059074003 0.9186961758773169
240 0.8202539632463072 0.9214853863365702
241 0.8202539632463072 0.8874818739805401
242 0.828141020585214 0.93794705663439
243 0.828141020585214 0.9055912193513141
244 0.8360280779241207 0.9253251797139511
245 0.8596892499408412 0.877432186828318
246 0.8518021926019343 0.9347162473834979
247 0.8518021926019343 0.9558293329676528
248 0.8518021926019343 0.9058234098558187
249 0.8439151352630275 0.946687930344777
250 0.8518021926019343 0.872697423499472
251 0.8518021926019343 0.9224518698212661
252 0.867576307279748 0.8850699495985277
253 0.8754633646186547 0.9208732853849928
254 0.867576307279748 0.884404142570404
255 0.8596892499408412 0.8728520006730814
256 0.8833504219575615 0.9195131267501669
257 0.8912374792964683 0.9450486048124269
258 0.8833504219575615 0.9090342112643444
259 0.8912374792964683 0.9029147138029863
260 0.8991245366353752 0.9099648480268696
261 0.8991245366353752 0.9373520840124633
262 0.8991245366353752 0.8779711939536616
263 0.8991245366353752 0.8803489371977602
264 0.9148986513131887 0.9179234583020898
265 0.907011593974282 0.8839511868745279
266 0.8991245366353752 0.910884611020488
267 0.8991245366353752 0.9030249727386015
268 0.907011593974282 0.9039524708548305
269 0.9148986513131887 0.9134498628696415
270 0.9227857086520955 0.859256731580016
271 0.9306727659910023 0.8935104407815321
272 0.9227857086520955 0.8874941778406448
273 0.9306727659910023 0.8995730020195669
274 0.9385598233299092 0.8917429557454282
275 0.946446880668816 0.8694326122795726
276 0.9227857086520955 0.8363521510196427
277 0.9306727659910023 0.9240619422708956
278 0.9385598233299092 0.8502788981913255
279 0.9306727659910023 0.9071034759407288
280 0.9385598233299092 0.8404398378401167
281 0.946446880668816 0.9185543175088863
282 0.9543339380077227 0.897447584387621
283 0.946446880668816 0.9366344447860118
284 0.9543339380077227 0.8588992313613468
285 0.9622209953466295 0.8780313045593146
286 0.9701080526855363 0.8779449000700604
287 0.9622209953466295 0.898721155209362
288 0.9622209953466295 0.8976060536291645
289 0.9701080526855363 0.8697279561230492
290 0.9701080526855363 0.931127331188605
291 0.9701080526855363 0.9103856218558921
292 0.9622209953466295 0.9015073649368743
293 0.9779951100244432 0.8621401422705385
294 0.9779951100244432 0.8967672562958537
295 0.9779951100244432 0.8618660158474039
296 0.9622209953466295 0.8630980933426486
297 0.9701080526855363 0.8942630250489012
298 0.9779951100244432 0.9216734575915745
299 0.9937692247022567 0.8893917251121471
300 0.9779951100244432 0.8902459701441814
301 0.9937692247022567 0.8864226350370299
302 0.9937692247022567 0.8888160348758449
303 0.9937692247022567 0.9055722059439578
304 0.98588216736335 0.8475229209051716
305 0.9937692247022567 0.9090965899631755
306 0.9937692247022567 0.8696800489983432
307 0.9937692247022567 0.892643750629517
308 1.0016562820411636 0.9078157755480522
309 0.9937692247022567 0.9174019105270427
310 0.9937692247022567 0.8600354137544611
311 1.0016562820411636 0.8894838597964004
312 0.9937692247022567 0.8957183814070108
313 1.017430396718977 0.8405748458550721
314 1.017430396718977 0.8695892430469307
315 1.017430396718977 0.8499931489757662
316 1.025317454057884 0.8821315556736091
317 1.017430396718977 0.8827065035062395
318 1.017430396718977 0.8934488674767651
319 1.0095433393800703 0.8675637135158071
320 1.017430396718977 0.8795288150623437
321 1.017430396718977 0.87887989931382
322 1.0332045113967907 0.885519863744061
323 1.0410915687356976 0.8215394626996366
324 1.0332045113967907 0.8959012820846913
325 1.0016562820411636 0.8661599067910148
326 1.0332045113967907 0.9229687709611644
327 1.0410915687356976 0.8927769649868585
328 1.0410915687356976 0.8845738190214516
329 1.025317454057884 0.9057477566878875
330 1.025317454057884 0.8988738453345823
331 1.0332045113967907 0.8385217479531419
332 1.0410915687356976 0.8289523964292654
333 1.0332045113967907 0.8606507071214817
334 1.025317454057884 0.8554440887271207
335 1.0410915687356976 0.886761764446465
336 1.0332045113967907 0.8603370145304176
337 1.0332045113967907 0.8682402275818708
338 1.0410915687356976 0.8733311112821843
339 1.0410915687356976 0.8846863911969363
340 1.025317454057884 0.8585887121216846
341 1.025317454057884 0.869404090420413
342 1.025317454057884 0.8536194351264991
343 1.0410915687356976 0.9227330414113594
344 1.0410915687356976 0.8265268931358984
345 1.0410915687356976 0.8441077004724244
346 1.056865683413511 0.821288990025168
347 1.064752740752418 0.8346268599709172
348 1.0410915687356976 0.8345302959502949
349 1.056865683413511 0.8507630428014846
350 1.064752740752418 0.8858453079781201
351 1.0726397980913247 0.8261933458927492
352 1.064752740752418 0.9192969858600453
353 1.064752740752418 0.8548334601498501
354 1.0805268554302316 0.9104740219324122
355 1.064752740752418 0.870914588698459
356 1.064752740752418 0.8575974068844116
357 1.0489786260746043 0.8790335063835959
358 1.0805268554302316 0.8644335703067471
359 1.0884139127691383 0.8793594796465325
360 1.064752740752418 0.830169009412385
361 1.0726397980913247 0.8790480135431957
362 1.0884139127691383 0.8759725770847246
363 1.096300970108045 0.8563695236455918
364 1.0884139127691383 0.8633555834772307
365 1.0805268554302316 0.8332276807654507
366 1.0805268554302316 0.8897560308625911
367 1.0884139127691383 0.8492103344271622
368 1.0884139127691383 0.8752518759673203
369 1.0726397980913247 0.8675385912336742
370 1.096300970108045 0.8259695592083747
371 1.104188027446952 0.8491715677502385
372 1.0884139127691383 0.8478441968974311
373 1.0884139127691383 0.8709222543387645
374 1.1120750847858587 0.8567882400313576
375 1.096300970108045 0.8341874496349526
376 1.096300970108045 0.8463137606538851
377 1.0884139127691383 0.8334113957994909
378 1.096300970108045 0.8474957763351072
379 1.0884139127691383 0.833744190479208
380 1.096300970108045 0.8203488321334347
381 1.104188027446952 0.8318694994786884
382 1.0884139127691383 0.864538764733614
383 1.0805268554302316 0.8388913684080405
384 1.104188027446952 0.8695468234820022
385 1.1120750847858587 0.841219886093646
386 1.1199621421247656 0.8461805041298112
387 1.1199621421247656 0.8168703777335427
388 1.1199621421247656 0.8318650336879851
389 1.096300970108045 0.8550306047513375
390 1.104188027446952 0.8552413180390078
391 1.1199621421247656 0.8389669819990249
392 1.1199621421247656 0.8544888295833369
393 1.1199621421247656 0.8562140192642176
394 1.1278491994636723 0.8541226519982916
395 1.135736256802579 0.8389456190245425
396 1.1278491994636723 0.8527916385805335
397 1.1278491994636723 0.8572536781183386
398 1.143623314141486 0.8343352348088491
399 1.1199621421247656 0.8354557214121685
400 1.1120750847858587 0.8287010728541696
401 1.135736256802579 0.8758142894298765
402 1.1278491994636723 0.8672371680088877
403 1.135736256802579 0.8763218804577647
404 1.135736256802579 0.8611283349100844
405 1.135736256802579 0.8673189121230764
406 1.135736256802579 0.8335462919504572
407 1.1278491994636723 0.8406292464888798
408 1.1199621421247656 0.8535632794351434
409 1.135736256802579 0.8471368729174678
410 1.1515103714803927 0.8002915811162961
411 1.143623314141486 0.7975069248524677
412 1.1278491994636723 0.8128371943793977
413 1.135736256802579 0.8651120022779548
414 1.1515103714803927 0.844381884137394
415 1.1515103714803927 0.8822881637558223
416 1.135736256802579 0.8467910163764291
417 1.1278491994636723 0.829903461185308
418 1.143623314141486 0.8290784281472178
419 1.135736256802579 0.8071508829285965
420 1.1672844861582063 0.8114904555411224
421 1.143623314141486 0.8123747116009713
422 1.1593974288192996 0.8227841230861428
423 1.1593974288192996 0.8856692840389996
424 1.143623314141486 0.8026543396374151
425 1.1593974288192996 0.9092283430309626
426 1.1672844861582063 0.8079676072353636
427 1.1672844861582063 0.8952364400166936
428 1.1672844861582063 0.8107106109689968
429 1.18305860083602 0.8719764250444432
430 1.18305860083602 0.8326314049456387
431 1.18305860083602 0.8635831028345308
432 1.1593974288192996 0.8557895683063628
433 1.1672844861582063 0.8536659987536395
434 1.175171543497113 0.8831454137759617
435 1.18305860083602 0.8972171377818502
436 1.18305860083602 0.8779903775421686
437 1.1672844861582063 0.8330837440959952
438 1.175171543497113 0.8483147613440045
439 1.1672844861582063 0.888571506763071
440 1.175171543497113 0.8745020203335678
441 1.1672844861582063 0.8679699716369682
442 1.1909456581749267 0.8460653003249307
443 1.18305860083602 0.8433960817069972
444 1.1593974288192996 0.8449734017872249
445 1.1672844861582063 0.8476928691769103
446 1.18305860083602 0.8137235431316465
447 1.18305860083602 0.8822091551598906
448 1.1593974288192996 0.8386303569611019
449 1.1672844861582063 0.8886093514856999
450 1.1593974288192996 0.8326288759077196
451 1.1988327155138336 0.8484130405935204
452 1.1909456581749267 0.8655128338975836
453 1.175171543497113 0.8382478232134634
454 1.18305860083602 0.8736633658632674
455 1.1909456581749267 0.8436278893088294
456 1.18305860083602 0.8574812693918511
457 1.1672844861582063 0.87361720820783
458 1.175171543497113 0.8615468949815434
459 1.1988327155138336 0.8580926883440068
460 1.1909456581749267 0.8614412972453234
461 1.175171543497113 0.843014111381966
462 1.1909456581749267 0.8748222241154977
463 1.1909456581749267 0.86393814699398
464 1.18305860083602 0.8745236994469884
465 1.1909456581749267 0.8821256471135439
466 1.1672844861582063 0.8721296025868626
467 1.1909456581749267 0.8511089820376592
468 1.1988327155138336 0.8507429973190745
469 1.175171543497113 0.8422259075408465
470 1.175171543497113 0.8363636917747127
471 1.18305860083602 0.8842349509509388
472 1.18305860083602 0.8515472960406238
473 1.1909456581749267 0.8945787488061071
474 1.1593974288192996 0.8661609956956505
475 1.175171543497113 0.8387462759353447
476 1.175171543497113 0.8802995898905132
477 1.175171543497113 0.8067859958727774
478 1.18305860083602 0.8808663400423374
479 1.18305860083602 0.7921876495565972
480 1.18305860083602 0.8652759449509155
481 1.1672844861582063 0.7861095016815474
482 1.175171543497113 0.857675839413479
483 1.18305860083602 0.7969369299560763
484 1.175171543497113 0.8749516200463787
485 1.1672844861582063 0.8039063841805459
486 1.175171543497113 0.8618582658591238
487 1.175171543497113 0.8451982137004523
488 1.1672844861582063 0.8186588808713916
489 1.1593974288192996 0.8742831272153201
490 1.1672844861582063 0.8221816253755205
491 1.1672844861582063 0.8804850183409357
492 1.1672844861582063 0.7888479708011814
493 1.175171543497113 0.8731682080828135
494 1.175171543497113 0.8101299911035257
495 1.1593974288192996 0.9126679676065447
496 1.1593974288192996 0.8435352163583417
497 1.175171543497113 0.8956020296562667
498 1.18305860083602 0.8317616143583801
499 1.175171543497113 0.8662198516047807
500 1.1672844861582063 0.8599050604789723
501 1.1672844861582063 0.8515359655453815
502 1.1672844861582063 0.8062277763413732
503 1.18305860083602 0.8140085494348737
504 1.18305860083602 0.8526462030555753
505 1.175171543497113 0.831969048957726
506 1.1672844861582063 0.8307787793868531
507 1.18305860083602 0.8888895368864845
508 1.1593974288192996 0.824433847309077
509 1.175171543497113 0.8592828557116374
510 1.18305860083602 0.800127232149298
511 1.18305860083602 0.8599834630530019
512 1.1515103714803927 0.8189385088115692
513 1.143623314141486 0.845629141767209
514 1.1515103714803927 0.8627428355521487
515 1.1515103714803927 0.7952304460551748
516 1.1672844861582063 0.8525140526139969
517 1.143623314141486 0.8290852850527977
518 1.1515103714803927 0.8325170881268279
519 1.143623314141486 0.872936350587574
520 1.143623314141486 0.8518994251905875
521 1.135736256802579 0.8383727778997279
522 1.143623314141486 0.8388589760152265
523 1.135736256802579 0.8778715939699276
524 1.135736256802579 0.8714779199897148
525 1.143623314141486 0.8372808789618678
526 1.135736256802579 0.8495542512355738
527 1.1278491994636723 0.8368075379034279
528 1.1515103714803927 0.8613657440946422
529 1.135736256802579 0.7834485893534188
530 1.135736256802579 0.8389934684616179
531 1.135736256802579 0.7985123593785391
532 1.1515103714803927 0.8821031341114822
533 1.135736256802579 0.8150155466766218
534 1.135736256802579 0.8618115526968799
535 1.1278491994636723 0.868515474075395
536 1.135736256802579 0.8219308505482655
537 1.1278491994636723 0.8470199597435418
538 1.1199621421247656 0.8186848909759441
539 1.1199621421247656 0.9152053679718438
540 1.135736256802579 0.8223407658870059
541 1.143623314141486 0.854051271715301
542 1.135736256802579 0.8379361174263928
543 1.1278491994636723 0.8392401734312516
544 1.1120750847858587 0.8243016940848972
545 1.1199621421247656 0.8436627500854562
546 1.1278491994636723 0.7886811848477652
547 1.135736256802579 0.8732657967012027
548 1.1278491994636723 0.859414370481332
549 1.1120750847858587 0.8408801602367287
550 1.1278491994636723 0.8802351759564463
551 1.143623314141486 0.7997528823896435
552 1.135736256802579 0.8763523677779753
553 1.1278491994636723 0.8164322089464985
554 1.1199621421247656 0.8703430735556037
555 1.1278491994636723 0.808249643164247
556 1.143623314141486 0.8327317747683807
557 1.135736256802579 0.8117786229626722
558 1.1593974288192996 0.8374382244390203
559 1.1515103714803927 0.8009751367450154
560 1.143623314141486 0.8345618038037889
561 1.143623314141486 0.806330769656693
562 1.135736256802579 0.7728611342744114
563 1.135736256802579 0.8134470308349796
564 1.1278491994636723 0.8083696711418077
565 1.1593974288192996 0.828872603633092
566 1.135736256802579 0.8425669845269149
567 1.135736256802579 0.8229422716271052
568 1.1278491994636723 0.8798493374997012
569 1.143623314141486 0.8272610184145448
570 1.135736256802579 0.8380646292579315
571 1.135736256802579 0.8329114394913395
572 1.143623314141486 0.7574269725038136
573 1.1515103714803927 0.854171383225737
574 1.135736256802579 0.8130252884816016
575 1.143623314141486 0.8468753642994349
576 1.143623314141486 0.7845287356235323
577 1.135736256802579 0.8246239602050498
578 1.1199621421247656 0.7645223310563366
579 1.1515103714803927 0.8048243662626372
580 1.1593974288192996 0.8557311046322343
581 1.1515103714803927 0.8138124201294518
582 1.135736256802579 0.8769025230991655
583 1.1199621421247656 0.8483112911215326
584 1.1593974288192996 0.876073758002521
585 1.1515103714803927 0.8399141209299497
586 1.143623314141486 0.8559663566903649
587 1.1515103714803927 0.8234171522391962
588 1.175171543497113 0.8330115316262656
589 1.18305860083602 0.7926423574545555
590 1.1515103714803927 0.8381239682639399
591 1.143623314141486 0.8055197120682774
592 1.1672844861582063 0.8369707807881672
593 1.175171543497113 0.820269528006675
594 1.175171543497113 0.8090487318697367
595 1.1672844861582063 0.8259341458626382
596 1.1672844861582063 0.8500459675870519
597 1.175171543497113 0.8832455352392385
598 1.1672844861582063 0.8632360215253267
599 1.1672844861582063 0.8324348592503948
600 1.1672844861582063 0.8369742626776568
601 1.1672844861582063 0.8710319787246089
602 1.175171543497113 0.8268044768259195
603 1.1672844861582063 0.8345892384359002
604 1.1672844861582063 0.8369343539484053
605 1.1672844861582063 0.8306993576537647
606 1.1672844861582063 0.8193980356311833
607 1.1672844861582063 0.8502204143721261
608 1.175171543497113 0.8618134393868556
609 1.1672844861582063 0.839694231978783
610 1.1593974288192996 0.8295497007993385
611 1.175171543497113 0.8753576219816211
612 1.1515103714803927 0.8430421112573285
613 1.143623314141486 0.8661499712099832
614 1.1672844861582063 0.8420594314121862
615 1.175171543497113 0.8477247611664618
616 1.175171543497113 0.8268360451535576
617 1.1672844861582063 0.8484478939442459
618 1.1593974288192996 0.835850873124865
619 1.1593974288192996 0.8257327416416008
620 1.1593974288192996 0.7978154891863238
621 1.1593974288192996 0.8135662133384014
622 1.143623314141486 0.8382893426754928
623 1.1515103714803927 0.8232815998232534
624 1.1515103714803927 0.826030229130015
625 1.1515103714803927 0.815439429172098
626 1.1593974288192996 0.8243902204907354
627 1.1515103714803927 0.8764585004443963
628 1.1515103714803927 0.8257831351460763
629 1.1593974288192996 0.8412251119950145
630 1.1515103714803927 0.856608041639721
631 1.143623314141486 0.8779867905330659
632 1.143623314141486 0.8514681820749883
633 1.135736256802579 0.8547878203810735
634 1.1515103714803927 0.8122251655232163
635 1.1278491994636723 0.8683588563078484
636 1.1120750847858587 0.8771169208976111
637 1.1120750847858587 0.8424789829117545
638 1.1278491994636723 0.8428817965511286
639 1.1278491994636723 0.8467876640268839
640 1.1199621421247656 0.8752467028945664
641 1.104188027446952 0.8609886070353505
642 1.1199621421247656 0.8363642825210074
643 1.135736256802579 0.792780659257735
644 1.1278491994636723 0.8690890116677643
645 1.096300970108045 0.8137422206503183
646 1.104188027446952 0.8604111707882333
647 1.1120750847858587 0.7990402060340427
648 1.1120750847858587 0.9155005384848538
649 1.0884139127691383 0.8093238944561426
650 1.0805268554302316 0.8493619266365909
651 1.0884139127691383 0.8397364056079055
652 1.0884139127691383 0.8494170480086267
653 1.0726397980913247 0.7859998732113347
654 1.0884139127691383 0.8212808150278195
655 1.0884139127691383 0.852841012321388
656 1.0884139127691383 0.8500622257836294
657 1.0884139127691383 0.8600779082061856
658 1.0805268554302316 0.8231699419358495
659 1.064752740752418 0.8829471525031767
660 1.0726397980913247 0.7936573932599218
661 1.0805268554302316 0.8625012302531561
662 1.0805268554302316 0.8648027900385501
663 1.0805268554302316 0.8432729286084463
664 1.0884139127691383 0.8600131661755748
665 1.0884139127691383 0.8304589163684396
666 1.0805268554302316 0.8771625902785887
667 1.056865683413511 0.7849168559464165
668 1.0489786260746043 0.8808344928084285
669 1.0805268554302316 0.8433953795402898
670 1.0726397980913247 0.8811678748519896
671 1.064752740752418 0.8646292523463764
672 1.0726397980913247 0.8311281683881963
673 1.0805268554302316 0.8255733861186921
674 1.0884139127691383 0.8463471379157368
675 1.0726397980913247 0.8329973095913872
676 1.0726397980913247 0.828927281660821
677 1.064752740752418 0.8554251226859131
678 1.0805268554302316 0.8306144368520025
679 1.064752740752418 0.8654074748767268
680 1.056865683413511 0.8022318716170752
681 1.0410915687356976 0.8770703906878796
682 1.0489786260746043 0.7983561797189385
683 1.056865683413511 0.912683348465491
684 1.0410915687356976 0.8425850146735205
685 1.0489786260746043 0.865336054681483
686 1.064752740752418 0.8407265095876494
687 1.064752740752418 0.8628224698372152
688 1.064752740752418 0.820094592889827
689 1.064752740752418 0.8828479674217012
690 1.0805268554302316 0.8209596324642408
691 1.0726397980913247 0.8396550105279733
692 1.064752740752418 0.8856288494594843
693 1.056865683413511 0.8875955829050994
694 1.0410915687356976 0.862128369622499
695 1.0726397980913247 0.8357664426325089
696 1.064752740752418 0.8402339282232277
697 1.064752740752418 0.8617471309332104
698 1.056865683413511 0.8554347574629285
699 1.056865683413511 0.862410346722853
700 1.064752740752418 0.8558688168264322
701 1.0726397980913247 0.8296608744154069
702 1.056865683413511 0.9162565417142376
703 1.0489786260746043 0.8135090318189072
704 1.0489786260746043 0.9096496524012441
705 1.064752740752418 0.8188836995227797
706 1.056865683413511 0.846005263872247
707 1.0410915687356976 0.8062131834413784
708 1.0489786260746043 0.8422432009854761
709 1.064752740752418 0.8197336824093876
710 1.064752740752418 0.8847406033302861
711 1.0410915687356976 0.817564004537779
712 1.0332045113967907 0.895549887567021
713 1.0489786260746043 0.8785447095202662
714 1.056865683413511 0.8305983472192788
715 1.0489786260746043 0.8491950004320584
716 1.0410915687356976 0.8611020237855824
717 1.0410915687356976 0.863486456336316
718 1.0410915687356976 0.8648203194235131
719 1.0410915687356976 0.844200388341184
720 1.0410915687356976 0.8372900613182752
721 1.064752740752418 0.8461940580003031
722 1.0489786260746043 0.8822852526290207
723 1.0489786260746043 0.8247964391249032
724 1.0410915687356976 0.8501767321914903
725 1.0489786260746043 0.8264451608089985
726 1.0410915687356976 0.8762617510406598
727 1.025317454057884 0.8400945357222738
728 1.0332045113967907 0.8448579561744137
729 1.0332045113967907 0.8839198800523019
730 1.0489786260746043 0.8474005777571203
731 1.0410915687356976 0.8727386108546613
732 1.0332045113967907 0.85361756255626
733 1.0410915687356976 0.8590297802176766
734 1.0410915687356976 0.8610956684631536
735 1.0410915687356976 0.8628598219419407
736 1.0489786260746043 0.8861687129451522
737 1.0410915687356976 0.859965786223917
738 1.0410915687356976 0.8341330428473082
739 1.0332045113967907 0.8244906585907432
740 1.0489786260746043 0.8609500807400067
741 1.0489786260746043 0.803879718092724
742 1.0489786260746043 0.8528354213985844
743 1.0410915687356976 0.8657379087576664
744 1.0332045113967907 0.8312039625478184
745 1.056865683413511 0.8337228124291006
746 1.056865683413511 0.8290996452324705
747 1.056865683413511 0.8739041795124831
748 1.0332045113967907 0.8512161332413773
749 1.056865683413511 0.8497827636845555
750 1.056865683413511 0.8729261086066727
751 1.064752740752418 0.8271998793653521
752 1.064752740752418 0.8103875635341106
753 1.0726397980913247 0.8599897672685407
754 1.064752740752418 0.8281676728440392
755 1.064752740752418 0.8405854392108673
756 1.056865683413511 0.809882529790667
757 1.0410915687356976 0.8052471378496929
758 1.0410915687356976 0.7756871221343687
759 1.0489786260746043 0.8048162668054619
760 1.0726397980913247 0.8143066305600999
761 1.056865683413511 0.8351866839165312
762 1.0410915687356976 0.81705623326752
763 1.0410915687356976 0.8156935845506373
764 1.0489786260746043 0.831753033865912
765 1.064752740752418 0.884723501496485
766 1.056865683413511 0.8155248551820347
767 1.056865683413511 0.9370032424277114
768 1.0489786260746043 0.8246223672920502
769 1.0489786260746043 0.881309968442648
770 1.0489786260746043 0.7945697888871652
771 1.0410915687356976 0.8568631617452247
772 1.0410915687356976 0.7823725365342549
773 1.0410915687356976 0.8564472297676545
774 1.0489786260746043 0.8375482684982369
775 1.0332045113967907 0.9011784333627221
776 1.0489786260746043 0.8425892683872759
777 1.0410915687356976 0.8891397091938871
778 1.0410915687356976 0.7943738732477975
779 1.0410915687356976 0.8655678579126492
780 1.064752740752418 0.8352219115866982
781 1.056865683413511 0.901491807468555
782 1.0489786260746043 0.8464917292390792
783 1.0489786260746043 0.8657501374437102
784 1.0410915687356976 0.8687042401625321
785 1.0332045113967907 0.8819721876829154
786 1.0332045113967907 0.8662848064871899
787 1.0410915687356976 0.8570583955935883
788 1.056865683413511 0.8243545369664638
789 1.0489786260746043 0.8451089175022208
790 1.0489786260746043 0.838036800709579
791 1.056865683413511 0.8829685977242678
792 1.0410915687356976 0.8390431324962612
793 1.056865683413511 0.8724607146857033
794 1.0726397980913247 0.8369041974535371
795 1.0726397980913247 0.851938221475338
796 1.0805268554302316 0.8712212532332484
797 1.0805268554302316 0.851681963866853
798 1.096300970108045 0.8637830394874518
799 1.0884139127691383 0.838082201594325
800 1.0884139127691383 0.9064674494204343
801 1.0884139127691383 0.8610928302761454
802 1.096300970108045 0.8629631564754418
803 1.1120750847858587 0.8437094692303361
804 1.096300970108045 0.8189990976691855
805 1.0884139127691383 0.8325844931512689
806 1.0884139127691383 0.8455020689729085
807 1.096300970108045 0.8025725573055836
808 1.0884139127691383 0.8630904246583576
809 1.096300970108045 0.7869505015643059
810 1.096300970108045 0.876340500244839
811 1.0884139127691383 0.8397248338835295
812 1.104188027446952 0.8389052326749722
813 1.104188027446952 0.8204954878690025
814 1.096300970108045 0.8271687387640263
815 1.096300970108045 0.832895804374315
816 1.096300970108045 0.8482694516453217
817 1.0884139127691383 0.8389122748333604
818 1.104188027446952 0.7963148780270575
819 1.104188027446952 0.7794624912688556
820 1.0884139127691383 0.7741079842498395
821 1.096300970108045 0.8277294876330077
822 1.104188027446952 0.8073588623487269
823 1.0884139127691383 0.8473526656822961
824 1.1199621421247656 0.8100998819782227
825 1.0884139127691383 0.8339506361533086
826 1.104188027446952 0.8282349153615846
827 1.104188027446952 0.8193514470242799
828 1.0884139127691383 0.8106120352930812
829 1.0884139127691383 0.7887098002328827
830 1.096300970108045 0.8142459049749707
831 1.104188027446952 0.7813122063475065
832 1.104188027446952 0.7932115513652278
833 1.104188027446952 0.8312749281295858
834 1.096300970108045 0.809346418113915
835 1.1199621421247656 0.8653496801761495
836 1.104188027446952 0.8120004791854807
837 1.096300970108045 0.862855635925126
838 1.096300970108045 0.8192313985048727
839 1.1120750847858587 0.8328286553109963
840 1.1199621421247656 0.8112069254137291
841 1.1120750847858587 0.806555821535955
842 1.1120750847858587 0.7903127518760977
843 1.1120750847858587 0.8047174364388691
844 1.1120750847858587 0.8345204008825711
845 1.1199621421247656 0.8091262592237878
846 1.104188027446952 0.886715275007468
847 1.1199621421247656 0.8250022968207213
848 1.1199621421247656 0.8699422840594324
849 1.1120750847858587 0.8228003606888994
850 1.1120750847858587 0.8744749388074875
851 1.1199621421247656 0.812423706436876
852 1.1199621421247656 0.8760678012140273
853 1.1278491994636723 0.7703730466562301
854 1.1278491994636723 0.8602528124036325
855 1.135736256802579 0.7664162131085196
856 1.135736256802579 0.8572638608233721
857 1.135736256802579 0.7785805181333597
858 1.143623314141486 0.8517513472837877
859 1.1515103714803927 0.7975043537053889
860 1.143623314141486 0.8114786860181425
861 1.143623314141486 0.7968996874617014
862 1.143623314141486 0.8679079008263374
863 1.1515103714803927 0.8385773637054936
864 1.135736256802579 0.8190725677041732
865 1.1515103714803927 0.8075549881284249
866 1.143623314141486 0.8412849576188556
867 1.1593974288192996 0.8425841140315651
868 1.1672844861582063 0.8462255522648737
869 1.1515103714803927 0.8262689930162069
870 1.1515103714803927 0.8323768488481659
871 1.1515103714803927 0.8105269752381595
872 1.1672844861582063 0.8352128916655917
873 1.1515103714803927 0.8399520965495246
874 1.1593974288192996 0.8372098285046257
875 1.1672844861582063 0.8347367303466868
876 1.1672844861582063 0.8477968342913303
877 1.1672844861582063 0.8295104480889464
878 1.18305860083602 0.8043658451491151
879 1.175171543497113 0.7959455356911699
880 1.175171543497113 0.8032974294186525
881 1.143623314141486 0.778935095618252
882 1.1672844861582063 0.8191098200320498
883 1.1672844861582063 0.8379301877070101
884 1.175171543497113 0.74038472662522
885 1.18305860083602 0.8135955766890095
886 1.1672844861582063 0.7775700887693318
887 1.1672844861582063 0.7850540480020911
888 1.18305860083602 0.8232644361138569
889 1.18305860083602 0.786732998381678
890 1.18305860083602 0.8497088003544699
891 1.1672844861582063 0.7838144250857777
892 1.175171543497113 0.8213670390247755
893 1.1593974288192996 0.8184230126198369
894 1.175171543497113 0.7958270698301266
895 1.175171543497113 0.8487020543325355
896 1.1672844861582063 0.8503080484482097
897 1.1593974288192996 0.8520056397638595
898 1.1593974288192996 0.8173513053144891
899 1.18305860083602 0.8171948914139381
900 1.175171543497113 0.8052306831792796
901 1.18305860083602 0.7846432838759942
902 1.1672844861582063 0.7856005127411994
903 1.18305860083602 0.8258987470317563
904 1.1593974288192996 0.8005255069249408
905 1.1593974288192996 0.879898275200366
906 1.1672844861582063 0.8050175784983473
907 1.18305860083602 0.8323099741460965
908 1.18305860083602 0.7819409756271634
909 1.1515103714803927 0.8591380662560304
910 1.18305860083602 0.7610530353754533
911 1.1909456581749267 0.8060603878621241
912 1.1909456581749267 0.7769490350110948
913 1.18305860083602 0.7829107765823576
914 1.18305860083602 0.7935072301482412
915 1.175171543497113 0.830971185771708
916 1.175171543497113 0.8308254055581615
917 1.18305860083602 0.7860545114659736
918 1.18305860083602 0.8498695133055585
919 1.18305860083602 0.7875055759366368
920 1.1672844861582063 0.7994630081663873
921 1.18305860083602 0.7772749741678331
922 1.1909456581749267 0.8014031736880585
923 1.1988327155138336 0.8021370764339778
924 1.1909456581749267 0.7943776358934428
925 1.18305860083602 0.8087120168232428
926 1.18305860083602 0.8267764890549116
927 1.1909456581749267 0.7493919502554336
928 1.1909456581749267 0.8038187140633531
929 1.1909456581749267 0.7723980163252551
930 1.2067197728527403 0.8428841401367739
931 1.2067197728527403 0.8046464991610736
932 1.214606830191647 0.8129906098342111
933 1.2067197728527403 0.8155550517507203
934 1.222493887530554 0.8213720425928844
935 1.214606830191647 0.8015978997793137
936 1.2067197728527403 0.8037910326936424
937 1.1909456581749267 0.809660572549763
938 1.2067197728527403 0.8087141336537468
939 1.2067197728527403 0.8197357874745225
940 1.175171543497113 0.7840774078146837
941 1.175171543497113 0.7733606562320592
942 1.1672844861582063 0.7810427887615335
943 1.18305860083602 0.7713122519910466
944 1.175171543497113 0.7532042193731578
945 1.175171543497113 0.7828578566653808
946 1.1515103714803927 0.7737052434253004
947 1.1593974288192996 0.8310091335673904
948 1.1593974288192996 0.7712746149532665
949 1.1672844861582063 0.8352472185298896
950 1.143623314141486 0.7576007477074074
951 1.135736256802579 0.8501105210219927
952 1.1199621421247656 0.8187752808803324
953 1.135736256802579 0.8231012334597774
954 1.135736256802579 0.8259863234375336
955 1.1199621421247656 0.8351323407886052
956 1.135736256802579 0.8351577162256008
957 1.1278491994636723 0.8158030592453922
958 1.1199621421247656 0.8093234504071641
959 1.1199621421247656 0.7431280856180281
960 1.096300970108045 0.7632559720410527
961 1.0884139127691383 0.810673066278793
962 1.104188027446952 0.8134577678808608
963 1.096300970108045 0.8400205182203908
964 1.0884139127691383 0.7574153503859979
965 1.064752740752418 0.8115197139436641
966 1.0726397980913247 0.7891722595863219
967 1.0726397980913247 0.7836697800001199
968 1.0805268554302316 0.7672695866958845
969 1.0726397980913247 0.7747883829831487
970 1.056865683413511 0.8228470917668256
971 1.0410915687356976 0.8066534785138545
972 1.064752740752418 0.7884747963753238
973 1.064752740752418 0.80958905728546
974 1.056865683413511 0.7833401356392596
975 1.064752740752418 0.8686068115049914
976 1.056865683413511 0.8263962128962146
977 1.0489786260746043 0.8157015819740636
978 1.0489786260746043 0.8239705382038518
979 1.0726397980913247 0.7863044676538194
980 1.064752740752418 0.8135322191080218
981 1.064752740752418 0.8069654667727898
982 1.064752740752418 0.785798332408867
983 1.0805268554302316 0.8034429886947436
984 1.0726397980913247 0.7756051116445571
985 1.064752740752418 0.8437313077904087
986 1.0489786260746043 0.8163340970303904
987 1.0805268554302316 0.8192346802000497
988 1.064752740752418 0.8621996753266541
989 1.056865683413511 0.788619580991193
990 1.0410915687356976 0.8502617909506244
991 1.0489786260746043 0.8208705668568068
992 1.056865683413511 0.8088955241026988
993 1.056865683413511 0.7950031173565959
994 1.056865683413511 0.8420550053700906
995 1.0805268554302316 0.8307320802010193
996 1.0805268554302316 0.8725130972303811
997 1.0726397980913247 0.8190877793926894
998 1.056865683413511 0.8327627314044406
999 1.0489786260746043 0.8434452392118287
1000 1.0805268554302316 0.8516132140789238
1001 1.0805268554302316 0.7893684916796522
1002 1.0726397980913247 0.8433298222472302
1003 1.064752740752418 0.8346400699208008
1004 1.096300970108045 0.8496295820231169
1005 1.096300970108045 0.8238557045609991
1006 1.096300970108045 0.8325160337715132
1007 1.104188027446952 0.8096222919047965
1008 1.0884139127691383 0.8258804915871444
1009 1.1120750847858587 0.813743827886167
1010 1.1278491994636723 0.7915481859568254
1011 1.1278491994636723 0.8388905069976108
1012 1.1278491994636723 0.8510460957597743
1013 1.1199621421247656 0.8343483363674083
1014 1.1199621421247656 0.8257396902125496
1015 1.1120750847858587 0.8039983371367627
1016 1.1199621421247656 0.8596232274272025
1017 1.1120750847858587 0.7810050443911664
1018 1.104188027446952 0.7955890443689948
1019 1.1120750847858587 0.8203533813136663
1020 1.1120750847858587 0.8088334406672758
1021 1.1199621421247656 0.8132135068471549
1022 1.1120750847858587 0.8579811887744968
1023 1.096300970108045 0.8452933145261105
1024 1.096300970108045 0.8277114660081762
1025 1.1278491994636723 0.7985736892324524
1026 1.135736256802579 0.8154639544703023
1027 1.135736256802579 0.7916124323352205
1028 1.1199621421247656 0.8209036690425944
1029 1.1199621421247656 0.8214855568840459
1030 1.104188027446952 0.7968459767422468
1031 1.1120750847858587 0.8316273636731536
1032 1.104188027446952 0.7900687368631493
1033 1.1120750847858587 0.860921334616339
1034 1.104188027446952 0.8031134842315389
1035 1.1278491994636723 0.8330894508855166
1036 1.1120750847858587 0.7652608670466635
1037 1.1120750847858587 0.8121774344536421
1038 1.1120750847858587 0.8111812267791096
1039 1.104188027446952 0.7470432294538463
1040 1.1278491994636723 0.814562634175534
1041 1.1199621421247656 0.7735377678930004
1042 1.1120750847858587 0.8147032834223563
1043 1.1120750847858587 0.7946311236020233
1044 1.1278491994636723 0.831190240060856
1045 1.1120750847858587 0.7949860522895391
1046 1.1199621421247656 0.8670263453515555
1047 1.1120750847858587 0.8411377887823086
1048 1.135736256802579 0.8116991833155194
1049 1.104188027446952 0.8222501683378862
1050 1.1199621421247656 0.8088531553552513
1051 1.1278491994636723 0.8330040971277387
1052 1.1199621421247656 0.8086423779771441
1053 1.1278491994636723 0.8543628462013307
1054 1.1278491994636723 0.8262343754281325
1055 1.1199621421247656 0.8647634535769796
1056 1.1120750847858587 0.8013759057753828
1057 1.104188027446952 0.8254660833649685
1058 1.1120750847858587 0.7638358385626001
1059 1.1278491994636723 0.817468720156969
1060 1.1278491994636723 0.7501650786510915
1061 1.104188027446952 0.8229187291552293
1062 1.104188027446952 0.7683279690384438
1063 1.096300970108045 0.793402051168392
1064 1.096300970108045 0.7956456875898932
1065 1.1120750847858587 0.8088705568951358
1066 1.096300970108045 0.7788363447332228
1067 1.096300970108045 0.8184847649397774
1068 1.0805268554302316 0.7774116791425745
1069 1.0884139127691383 0.7744331510378398
1070 1.0726397980913247 0.7921807654805856
1071 1.064752740752418 0.8045312554876201
1072 1.064752740752418 0.7724917172827922
1073 1.056865683413511 0.7413556139647126
1074 1.0410915687356976 0.780875154150446
1075 1.0332045113967907 0.7754175664989739
1076 1.025317454057884 0.7945276458870026
1077 1.017430396718977 0.799990308053534
1078 1.017430396718977 0.8049300676936286
1079 0.9937692247022567 0.7895916432870588
1080 0.98588216736335 0.8050266096830817
1081 0.9779951100244432 0.8018161392980175
1082 0.9779951100244432 0.7993078809128831
1083 0.9701080526855363 0.8387376913726324
1084 0.9385598233299092 0.7894699259191156
1085 0.9385598233299092 0.8316001942357915
1086 0.9227857086520955 0.813889264754181
1087 0.9148986513131887 0.8208504971155364
1088 0.9148986513131887 0.8091378066742514
1089 0.9227857086520955 0.8729728795407063
1090 0.9148986513131887 0.81078702076059
1091 0.907011593974282 0.8204635587627398
1092 0.907011593974282 0.7641803816484963
1093 0.9148986513131887 0.8819481314034315
1094 0.907011593974282 0.8178083368269071
1095 0.9148986513131887 0.8478825578393601
1096 0.8912374792964683 0.8025272579672562
1097 0.8991245366353752 0.8533818807845219
1098 0.9148986513131887 0.7982004453739283
1099 0.9148986513131887 0.8412191380486816
1100 0.907011593974282 0.836444424621677
1101 0.907011593974282 0.8843700029906337
1102 0.8991245366353752 0.8598744321504191
1103 0.8754633646186547 0.9005287454485065
1104 0.8833504219575615 0.8281798679253002
1105 0.8912374792964683 0.9043010839281062
1106 0.907011593974282 0.8476475749795458
1107 0.8912374792964683 0.8637082075223658
1108 0.8912374792964683 0.8164214075202931
1109 0.8991245366353752 0.8900053676259213
1110 0.8991245366353752 0.80274404893682
1111 0.8991245366353752 0.8660644271249783
1112 0.8991245366353752 0.8510147876280038
1113 0.8912374792964683 0.8714714448266666
1114 0.907011593974282 0.8798994470942464
1115 0.907011593974282 0.886310202764625
1116 0.9148986513131887 0.878249810312077
1117 0.907011593974282 0.8617541617819076
1118 0.9148986513131887 0.8525853095233411
1119 0.8991245366353752 0.8507972634408181
1120 0.907011593974282 0.8932579960651517
1121 0.8991245366353752 0.8067911404952545
1122 0.9227857086520955 0.8477903337214812
1123 0.8991245366353752 0.8348945349060584
1124 0.907011593974282 0.8669128241508011
1125 0.8991245366353752 0.8458043792991888
1126 0.8991245366353752 0.85685387901886
1127 0.9148986513131887 0.8871778628377641
1128 0.8991245366353752 0.846477841097894
1129 0.9148986513131887 0.8236486198369143
1130 0.9227857086520955 0.8794979230223828
1131 0.907011593974282 0.8467008443664743
1132 0.907011593974282 0.8540800521962545
1133 0.907011593974282 0.8328859908946403
1134 0.9227857086520955 0.8496335755854816
1135 0.9148986513131887 0.8254018287835965
1136 0.907011593974282 0.843353891821596
1137 0.8991245366353752 0.8238701670240177
1138 0.8991245366353752 0.8590487789515406
1139 0.9148986513131887 0.8408766226714505
1140 0.9306727659910023 0.8469272794348066
1141 0.9306727659910023 0.8698191172841351
1142 0.9227857086520955 0.911178919427047
1143 0.9227857086520955 0.8317558430628342
1144 0.9306727659910023 0.8404446805960857
1145 0.907011593974282 0.8451576135608948
1146 0.9306727659910023 0.8361621974300576
1147 0.946446880668816 0.850558868117549
1148 0.946446880668816 0.8462321884935348
1149 0.9306727659910023 0.8679059021036923
1150 0.9148986513131887 0.8276611809102948
1151 0.9385598233299092 0.8050383216529413
1152 0.9306727659910023 0.8011688483658692
1153 0.9306727659910023 0.8291612064269075
1154 0.9227857086520955 0.8199204667608863
1155 0.9306727659910023 0.8759280208410797
1156 0.9306727659910023 0.8527111580053033
1157 0.946446880668816 0.8727821262720215
1158 0.9385598233299092 0.8522581405466654
1159 0.9622209953466295 0.8849746976461413
1160 0.946446880668816 0.8535678046124177
1161 0.946446880668816 0.8218025505817446
1162 0.946446880668816 0.7967425505857205
1163 0.9385598233299092 0.8362020540320161
1164 0.9385598233299092 0.8003145155687028
1165 0.9227857086520955 0.8527898402595118
1166 0.9385598233299092 0.8194140068900546
1167 0.9543339380077227 0.8873156801860264
1168 0.9385598233299092 0.814799410816386
1169 0.946446880668816 0.8398849975519018
1170 0.9385598233299092 0.83726307991622
1171 0.9227857086520955 0.846999156289939
1172 0.9148986513131887 0.8166736122142654
1173 0.907011593974282 0.8075280173835041
1174 0.9148986513131887 0.8522447988903451
1175 0.907011593974282 0.7978391393099784
1176 0.9306727659910023 0.802572823851228
1177 0.9227857086520955 0.788423106600973
1178 0.9148986513131887 0.781602916005885
1179 0.9148986513131887 0.8282765268620697
1180 0.907011593974282 0.8267842272132417
1181 0.8991245366353752 0.8145255766458114
1182 0.9148986513131887 0.8569510843016998
1183 0.907011593974282 0.8461636007580104
1184 0.907011593974282 0.8033907246228736
1185 0.907011593974282 0.8144312365640967
1186 0.907011593974282 0.8151669820111443
1187 0.907011593974282 0.7501184458461747
1188 0.8912374792964683 0.8083307841204687
1189 0.907011593974282 0.7882866547025533
1190 0.8991245366353752 0.850693251012097
1191 0.907011593974282 0.8202106726068029
1192 0.907011593974282 0.7990234598817645
1193 0.9148986513131887 0.7638357963758284
1194 0.907011593974282 0.7840176616349258
1195 0.907011593974282 0.8505049839289852
1196 0.9227857086520955 0.7884854034193514
1197 0.9227857086520955 0.8699464889504317
1198 0.9306727659910023 0.7864762315120766
1199 0.9227857086520955 0.7717843491039965
1200 0.9227857086520955 0.7476730723884358
1201 0.9227857086520955 0.7701752260877999
1202 0.9227857086520955 0.857278618744971
1203 0.907011593974282 0.8092508652687056
1204 0.9227857086520955 0.8122409722907042
1205 0.9148986513131887 0.7529850041981516
1206 0.9227857086520955 0.776043041256943
1207 0.9385598233299092 0.7672129897412783
1208 0.9306727659910023 0.7656315181900823
1209 0.9227857086520955 0.7805325107298027
1210 0.9227857086520955 0.7680879871475078
1211 0.946446880668816 0.8035831406619577
1212 0.9543339380077227 0.7662004811596171
1213 0.9701080526855363 0.8109025893818912
1214 0.9622209953466295 0.7647567267945771
1215 0.9543339380077227 0.7568972298323962
1216 0.9622209953466295 0.7922537097838382
1217 0.9543339380077227 0.8029714164794932
1218 0.9543339380077227 0.7907073572383349
1219 0.9779951100244432 0.8093368664449433
1220 0.9779951100244432 0.7970457181319607
1221 0.9701080526855363 0.7962538215841568
1222 0.9543339380077227 0.8203696656742453
1223 0.9779951100244432 0.7859573709765163
1224 0.9937692247022567 0.778440533151701
1225 0.9937692247022567 0.7949709692451017
1226 1.0095433393800703 0.7595524683364697
1227 0.98588216736335 0.740210729567445
1228 0.9937692247022567 0.742282820386122
1229 0.9779951100244432 0.7722851869995019
1230 0.9779951100244432 0.761792920756626
1231 0.98588216736335 0.7629552681763786
1232 0.9779951100244432 0.7455055634093137
1233 0.9779951100244432 0.854642482595059
1234 0.9937692247022567 0.7775130249335884
1235 0.9937692247022567 0.8479307587412935
1236 1.0095433393800703 0.8034496626956807
1237 1.0016562820411636 0.7998073429407708
1238 1.0016562820411636 0.8084515971481778
1239 0.9937692247022567 0.8085309799271356
1240 1.0016562820411636 0.7936223306545839
1241 1.0095433393800703 0.7940024600417752
1242 1.0016562820411636 0.7748705211421792
1243 1.0095433393800703 0.8057465812669614
1244 0.9937692247022567 0.8180340894461542
1245 1.017430396718977 0.7806215253827502
1246 1.0016562820411636 0.7611630685417115
1247 1.0016562820411636 0.7769773428383303
1248 1.0095433393800703 0.7424196170109165
1249 1.0095433393800703 0.7779562030017804
1250 1.017430396718977 0.7293364431258084
1251 1.0095433393800703 0.8310399154021502
1252 1.017430396718977 0.7948962574629043
1253 1.0016562820411636 0.8522559286573399
1254 1.0095433393800703 0.7845137024745438
1255 1.0095433393800703 0.8234261843413521
1256 1.0332045113967907 0.797574637205823
1257 1.0332045113967907 0.7716962537291394
1258 1.025317454057884 0.8052325987336588
1259 1.025317454057884 0.7565997773524623
1260 1.025317454057884 0.7558907635993933
1261 1.0332045113967907 0.758648841175837
1262 1.025317454057884 0.8247725185722234
1263 1.0332045113967907 0.7851155355397278
1264 1.025317454057884 0.8152653718713866
1265 1.0489786260746043 0.7789249544216409
1266 1.0726397980913247 0.8234355094629516
1267 1.0726397980913247 0.7523907949017585
1268 1.0489786260746043 0.7910830379697136
1269 1.064752740752418 0.8237054402099634
1270 1.064752740752418 0.8079995242900277
1271 1.0726397980913247 0.7698346765673486
1272 1.0726397980913247 0.7474767538507512
1273 1.0805268554302316 0.7783030392704426
1274 1.0884139127691383 0.7388674795332547
1275 1.096300970108045 0.7917240673468651
1276 1.1120750847858587 0.760033113641049
1277 1.096300970108045 0.766742055000947
1278 1.1120750847858587 0.7572296056481016
1279 1.1199621421247656 0.755100494240889
1280 1.1120750847858587 0.7481965405566184
1281 1.1120750847858587 0.7463773373652007
1282 1.1199621421247656 0.7487118359385797
1283 1.1278491994636723 0.7605107181086427
1284 1.135736256802579 0.7690084338089787
1285 1.135736256802579 0.7619959788774826
1286 1.135736256802579 0.7539197043745957
1287 1.143623314141486 0.7757442649502946
1288 1.1515103714803927 0.7395136365177322
1289 1.1278491994636723 0.7796438631228474
1290 1.143623314141486 0.7903113452946263
1291 1.1672844861582063 0.8032299606640058
1292 1.175171543497113 0.767075305812107
1293 1.1593974288192996 0.7417741426797231
1294 1.1515103714803927 0.702061721146312
1295 1.1593974288192996 0.7252529676341494
1296 1.1672844861582063 0.7288277575900622
1297 1.18305860083602 0.725039874561727
1298 1.1672844861582063 0.8216299647802421
1299 1.1909456581749267 0.7227291423309723
1300 1.1988327155138336 0.8218498349204928
1301 1.18305860083602 0.7590587375872779
1302 1.18305860083602 0.7690478863881309
1303 1.1909456581749267 0.7808466529696485
1304 1.1909456581749267 0.7776027830790033
1305 1.1988327155138336 0.7674995058714603
1306 1.1988327155138336 0.7193868530755255
1307 1.1988327155138336 0.7487425907064172
1308 1.2067197728527403 0.744587901049345
1309 1.214606830191647 0.7638549308880466
1310 1.1988327155138336 0.8068656256022086
1311 1.222493887530554 0.8031448821379539
1312 1.214606830191647 0.7533312666686989
1313 1.214606830191647 0.7587180872547712
1314 1.2067197728527403 0.7592490274985216
1315 1.214606830191647 0.7860294414664705
1316 1.214606830191647 0.7352020862920939
1317 1.2382680022083676 0.7351940807594758
1318 1.2382680022083676 0.7507681898080634
1319 1.2382680022083676 0.77549960468047
1320 1.2303809448694607 0.7324628267846389
1321 1.222493887530554 0.7976214195371326
1322 1.222493887530554 0.7559384087859427
1323 1.2067197728527403 0.6954631116146349
1324 1.2382680022083676 0.7840956684321816
1325 1.2382680022083676 0.7717787373520585
1326 1.2461550595472743 0.7691179021370439
1327 1.2382680022083676 0.7287424614911248
1328 1.2303809448694607 0.761353274894209
1329 1.2303809448694607 0.7186850642168021
1330 1.2382680022083676 0.7093249757176585
1331 1.2461550595472743 0.730358211775922
1332 1.2303809448694607 0.7084812949441177
1333 1.2382680022083676 0.7403235267476335
1334 1.2461550595472743 0.7729526672709207
1335 1.254042116886181 0.7143394217691044
1336 1.2461550595472743 0.7114965001144153
1337 1.254042116886181 0.7446329110588829
1338 1.254042116886181 0.7570665826609199
1339 1.2461550595472743 0.7439464234821137
1340 1.254042116886181 0.74242456166764
1341 1.2461550595472743 0.7613060310308438
1342 1.2461550595472743 0.7460200856065476
1343 1.2382680022083676 0.7408219128710046
1344 1.2461550595472743 0.7482830466420379
1345 1.254042116886181 0.7493795682976685
1346 1.2461550595472743 0.7610226320193931
1347 1.2698162315639947 0.7610242924581567
1348 1.261929174225088 0.7879078049906322
1349 1.254042116886181 0.6991047822252019
1350 1.2461550595472743 0.7293729649486388
1351 1.2461550595472743 0.7232881452214929
1352 1.254042116886181 0.7339819886285722
1353 1.254042116886181 0.7099403843809352
1354 1.254042116886181 0.6803985886454881
1355 1.254042116886181 0.7444129471390788
1356 1.261929174225088 0.693509818160039
1357 1.2698162315639947 0.7661423323057396
1358 1.254042116886181 0.7106748291807359
1359 1.254042116886181 0.7359371307061114
1360 1.2461550595472743 0.6786273378605067
1361 1.254042116886181 0.69856652429557
1362 1.254042116886181 0.7025654677923255
1363 1.2461550595472743 0.7307682062863208
1364 1.2382680022083676 0.7031920502551484
1365 1.2461550595472743 0.7127992520585071
1366 1.2382680022083676 0.702271115438739
1367 1.261929174225088 0.6935646010070307
1368 1.261929174225088 0.7014241531548426
1369 1.261929174225088 0.6883327071359557
1370 1.2461550595472743 0.7287963109760547
1371 1.222493887530554 0.766502212773435
1372 1.2382680022083676 0.782021542702615
1373 1.2461550595472743 0.7695669817266034
1374 1.2382680022083676 0.71539976151663
1375 1.2382680022083676 0.7356130469608215
1376 1.2382680022083676 0.6840928831274069
1377 1.2303809448694607 0.7274546559654668
1378 1.2382680022083676 0.8039658775718518
1379 1.2382680022083676 0.7241792831875586
1380 1.254042116886181 0.7075882409720768
1381 1.254042116886181 0.7097584764479096
1382 1.2461550595472743 0.6899151562768102
1383 1.2461550595472743 0.681209199361104
1384 1.261929174225088 0.742686945214958
1385 1.254042116886181 0.6743240798586502
1386 1.254042116886181 0.6867013581492614
1387 1.2698162315639947 0.6952781669890947
1388 1.261929174225088 0.682442640346722
1389 1.254042116886181 0.7061927269082164
1390 1.261929174225088 0.6918962135643884
1391 1.261929174225088 0.6876228648004752
1392 1.2698162315639947 0.7249400804422234
1393 1.261929174225088 0.7283363972412504
1394 1.2777032889029016 0.6865945596295959
1395 1.2855903462418083 0.7010564230352822
1396 1.261929174225088 0.7079494626852828
1397 1.261929174225088 0.6825592679029927
1398 1.2698162315639947 0.6890054654971497
1399 1.2777032889029016 0.72957166823604
1400 1.2855903462418083 0.7424343894418279
1401 1.2855903462418083 0.7126058511475831
1402 1.2855903462418083 0.757375833800425
1403 1.2855903462418083 0.7179263434190127
1404 1.293477403580715 0.752965364676694
1405 1.301364460919622 0.7029758894050264
1406 1.301364460919622 0.7805238775936109
1407 1.293477403580715 0.7308961927771295
1408 1.3092515182585287 0.7365258247739814
1409 1.3092515182585287 0.7175630706898721
1410 1.3171385755974354 0.7021753074798309
1411 1.301364460919622 0.6935850706536166
1412 1.301364460919622 0.7204258997710793
1413 1.301364460919622 0.6702930211852323
1414 1.3092515182585287 0.7079318392482574
1415 1.293477403580715 0.7138985199493135
1416 1.293477403580715 0.7184940103929053
1417 1.3171385755974354 0.7259831953856303
1418 1.293477403580715 0.7644417908350827
1419 1.3092515182585287 0.7617938544195075
1420 1.301364460919622 0.7198590045960065
1421 1.301364460919622 0.7142012024659354
1422 1.293477403580715 0.7070661250979254
1423 1.3092515182585287 0.6952480314329856
1424 1.3092515182585287 0.7268108413068943
1425 1.3092515182585287 0.7513448158490468
1426 1.301364460919622 0.7318060472850797
1427 1.3092515182585287 0.7308364583905784
1428 1.3092515182585287 0.7666418772884848
1429 1.332912690275249 0.7096633621034514
1430 1.332912690275249 0.7294559488863047
1431 1.3171385755974354 0.7185897420191742
1432 1.3171385755974354 0.6875069419306994
1433 1.3092515182585287 0.6967165625467432
1434 1.3092515182585287 0.7086737740921336
1435 1.3250256329363423 0.6759420387186065
1436 1.332912690275249 0.7573331611289559
1437 1.332912690275249 0.7139030551205673
1438 1.332912690275249 0.7000826099715167
1439 1.340799747614156 0.6885930893073622
1440 1.332912690275249 0.6916555098332962
1441 1.332912690275249 0.6868536702990732
1442 1.332912690275249 0.7062614219585165
1443 1.3171385755974354 0.7082799721516562
1444 1.332912690275249 0.725318695925211
1445 1.340799747614156 0.7036558664668318
1446 1.340799747614156 0.7158399557019001
1447 1.3250256329363423 0.7084324223882609
1448 1.332912690275249 0.7547452641304625
1449 1.332912690275249 0.7211078706273887
1450 1.3250256329363423 0.7568529699955587
1451 1.340799747614156 0.6703694822883138
1452 1.332912690275249 0.7134792822121003
1453 1.3171385755974354 0.682503454710362
1454 1.332912690275249 0.724149334329028
1455 1.340799747614156 0.7443070172482079
1456 1.340799747614156 0.7063132461083321
1457 1.3486868049530627 0.6935151449253504
1458 1.332912690275249 0.64692742670392
1459 1.3486868049530627 0.6717919529091279
1460 1.3486868049530627 0.6877186362457584
1461 1.3486868049530627 0.7006858747380051
1462 1.340799747614156 0.6933976130253543
1463 1.3565738622919694 0.7250109165188547
1464 1.3486868049530627 0.6829705849496238
1465 1.3250256329363423 0.6819637100092439
1466 1.3486868049530627 0.6604312511056454
1467 1.3486868049530627 0.6899214901412372
1468 1.340799747614156 0.6668224090160509
1469 1.332912690275249 0.679105315634145
1470 1.340799747614156 0.6812546398479258
1471 1.340799747614156 0.664186276284242
1472 1.340799747614156 0.6649865146712272
1473 1.3486868049530627 0.7121320517529026
1474 1.340799747614156 0.6652208609821554
1475 1.3486868049530627 0.7126156105839362
1476 1.3565738622919694 0.7054269115998791
1477 1.3486868049530627 0.6813335005196698
1478 1.332912690275249 0.6933101754822764
1479 1.340799747614156 0.7157176343089301
1480 1.332912690275249 0.735010756753864
1481 1.340799747614156 0.7192054275759272
1482 1.3092515182585287 0.7386588055768967
1483 1.3171385755974354 0.6988640525884758
1484 1.3092515182585287 0.7032058494212939
1485 1.3250256329363423 0.7218042335537357
1486 1.3092515182585287 0.7595022599432127
1487 1.3171385755974354 0.7148759237784479
1488 1.332912690275249 0.7559435899161071
1489 1.332912690275249 0.778184383080471
1490 1.3171385755974354 0.7283097952952796
1491 1.3250256329363423 0.7325090502579866
1492 1.332912690275249 0.7804450028456174
1493 1.3565738622919694 0.7820476611815452
1494 1.3486868049530627 0.7337715295469216
1495 1.332912690275249 0.7268888638494615
1496 1.332912690275249 0.7038125071526342
1497 1.3486868049530627 0.7357570765493617
1498 1.3486868049530627 0.7556461391325142
1499 1.3565738622919694 0.7829856141317937
1500 1.3644609196308763 0.7586618196210578
1501 1.3565738622919694 0.7075202865003539
