#IDXCOL=1,DATACOL=2,SEP=' '
timeStep areaDensityCountingNormed-PID3 areaSpeed-PID5
1 0.0 NaN
2 0.0 NaN
3 0.0 NaN
4 0.0 NaN
5 0.0 NaN
6 0.0 NaN
7 0.0 NaN
8 0.0 NaN
9 0.0 NaN
10 0.0 NaN
11 0.0 NaN
12 0.0 NaN
13 0.0 NaN
14 0.0 NaN
15 0.0 NaN
16 0.0 NaN
17 0.0 NaN
18 0.0 NaN
19 0.0 NaN
20 0.0 NaN
21 0.0 NaN
22 0.0 NaN
23 0.0 NaN
24 0.0 NaN
25 0.0 NaN
26 0.0 NaN
27 0.0 NaN
28 0.0 NaN
29 0.0 NaN
30 0.0 NaN
31 0.0 NaN
32 0.0 NaN
33 0.0 NaN
34 0.0 NaN
35 0.0 NaN
36 0.0 NaN
37 0.0 NaN
38 0.0 NaN
39 0.0 NaN
40 0.0 NaN
41 0.0 NaN
42 0.0 NaN
43 0.0 NaN
44 0.0 NaN
45 0.0 NaN
46 0.0 NaN
47 0.0 NaN
48 0.0 NaN
49 0.0 NaN
50 0.0 NaN
51 0.0 NaN
52 0.0 NaN
53 0.0 NaN
54 0.0 NaN
55 0.0 NaN
56 0.0 NaN
57 0.0 NaN
58 0.0 NaN
59 0.0 NaN
60 0.0 NaN
61 0.0 NaN
62 0.0 NaN
63 0.0 NaN
64 0.0 NaN
65 0.0 NaN
66 0.0 NaN
67 0.0 NaN
68 0.0 NaN
69 0.0 NaN
70 0.0 NaN
71 0.0 NaN
72 0.0 NaN
73 0.0 NaN
74 0.0 NaN
75 0.0 NaN
76 0.0 NaN
77 0.0 NaN
78 0.0 NaN
79 0.0 NaN
80 0.0 NaN
81 0.0 NaN
82 0.0 NaN
83 0.0 NaN
84 0.0 NaN
85 0.0 NaN
86 0.0 NaN
87 0.0 NaN
88 0.0 NaN
89 0.0 NaN
90 0.0 NaN
91 0.0 NaN
92 0.0 NaN
93 0.0 NaN
94 0.0 NaN
95 0.0 NaN
96 0.0 NaN
97 0.0 NaN
98 0.0 NaN
99 0.0 NaN
100 0.0 NaN
101 0.0 NaN
102 0.0 NaN
103 0.0 NaN
104 0.0 NaN
105 0.0 NaN
106 0.0 NaN
107 0.0 NaN
108 0.0 NaN
109 0.0 NaN
110 0.0 NaN
111 0.0 NaN
112 0.0 NaN
113 0.0 NaN
114 0.0 NaN
115 0.0 NaN
116 0.0 NaN
117 0.0 NaN
118 0.0 NaN
119 0.0 NaN
120 0.0078870573389068 NaN
121 0.0078870573389068 NaN
122 0.023661172016720397 1.1214386387150712
123 0.023661172016720397 0.8601669523704233
124 0.023661172016720397 1.1268881336289895
125 0.023661172016720397 0.7531416889191224
126 0.023661172016720397 1.0973031105003195
127 0.0315482293556272 0.7471998020306859
128 0.039435286694534 1.1639809880469247
129 0.047322344033440794 0.9140652827648106
130 0.047322344033440794 1.1053112130634248
131 0.055209401372347595 0.8157999149685372
132 0.07098351605016119 1.1360361711649878
133 0.07098351605016119 0.8591266298376429
134 0.07098351605016119 1.118867244196823
135 0.09464468806688159 0.836970489482699
136 0.09464468806688159 1.1186961366261174
137 0.09464468806688159 0.885585114789326
138 0.09464468806688159 1.06519083287722
139 0.09464468806688159 0.9454721397863178
140 0.09464468806688159 1.0197892179246706
141 0.11041880274469519 0.9593197660402591
142 0.118305860083602 1.0085331499216024
143 0.118305860083602 0.9870067394335987
144 0.1261929174225088 0.9474209363250259
145 0.14196703210032238 1.0208345283500588
146 0.14196703210032238 0.9448183692650818
147 0.14196703210032238 1.017765268996687
148 0.1656282041170428 0.9306426010232948
149 0.1656282041170428 0.9916731402328115
150 0.1656282041170428 0.8654977018187273
151 0.1735152614559496 0.9978787501438126
152 0.18140231879485638 0.8929943472085735
153 0.2129505481504836 0.9331028245812921
154 0.2129505481504836 1.0006807783365954
155 0.2129505481504836 0.9001708419319826
156 0.236611720167204 0.9472608317530188
157 0.236611720167204 0.9513847572321089
158 0.236611720167204 0.9463656485185268
159 0.236611720167204 1.0124067023909324
160 0.2602728921839244 0.9422141258698189
161 0.2602728921839244 0.9870742971597362
162 0.2602728921839244 0.938151187467081
163 0.2602728921839244 0.9623964405516728
164 0.276047006861738 0.9246136425166733
165 0.2997081788784584 0.997713483053134
166 0.3075952362173652 0.957121281028947
167 0.315482293556272 0.922697899323799
168 0.32336935089517876 0.9599278908437
169 0.3312564082340856 0.8991500664323905
170 0.3312564082340856 0.991067551335656
171 0.3312564082340856 0.859926299997324
172 0.33914346557299235 1.0188794426179004
173 0.37857875226752635 0.8955836148392285
174 0.37857875226752635 0.9822697549236253
175 0.37857875226752635 0.944665174411135
176 0.37857875226752635 0.96478974396476
177 0.39435286694534 0.9215387383561997
178 0.40223992428424676 0.9240060718153158
179 0.41801403896206035 0.9549397271262138
180 0.4259010963009672 0.91852117359802
181 0.4495622683176876 0.989311823566078
182 0.4495622683176876 0.9428726823383459
183 0.45744932565659435 0.9320447370453694
184 0.4653363829955012 0.9236270316647105
185 0.473223440334408 0.977175077348874
186 0.473223440334408 0.8906174556724586
187 0.473223440334408 0.9957328293114541
188 0.48111049767331476 0.891566643073317
189 0.49688461235112835 0.9751201885876696
190 0.512658727028942 0.92587097661218
191 0.5205457843678488 0.9739271315181354
192 0.5205457843678488 0.8788043148974768
193 0.5205457843678488 0.9859772807885188
194 0.5284328417067555 0.9052387522594824
195 0.5442069563845692 0.9773828960935943
196 0.5442069563845692 0.8987268300829967
197 0.552094013723476 0.9963457349223885
198 0.5599810710623828 0.8920128571788553
199 0.5678681284012895 0.9950684015665696
200 0.59152930041801 0.8730152475022241
201 0.59152930041801 0.9828973123175268
202 0.5994163577569168 0.9097996252115638
203 0.5994163577569168 0.9902036120711109
204 0.6073034150958235 0.8674534114926351
205 0.6151904724347304 0.9385341312018073
206 0.6230775297736372 0.9149358496000803
207 0.6467387017903575 0.9453685097987565
208 0.6467387017903575 0.9300660355371578
209 0.6625128164681712 0.9739475109716363
210 0.6625128164681712 0.9382975639244858
211 0.670399873807078 0.9615852111792409
212 0.6940610458237984 0.9423986453521799
213 0.709835160501612 0.927774623448557
214 0.6940610458237984 0.936171436123939
215 0.7019481031627052 0.9497103081319233
216 0.709835160501612 0.92426547582265
217 0.7256092751794255 0.9464325630617546
218 0.7256092751794255 0.8959939357056573
219 0.7413833898572392 0.9430088636100683
220 0.749270447196146 0.9240492006766964
221 0.7571575045350527 0.9664461224640725
222 0.7650445618739595 0.8976883777931707
223 0.7571575045350527 1.0113081161366437
224 0.7808186765517732 0.8786391407886648
225 0.7808186765517732 0.9563660589139652
226 0.78870573389068 0.8834009805809414
227 0.78870573389068 0.9450428373080213
228 0.7729316192128663 0.9326760472239418
229 0.8044798485684935 0.9263769454092362
230 0.8044798485684935 0.9608134611129285
231 0.8123669059074003 0.8934533932144516
232 0.8123669059074003 0.9673811138047161
233 0.8123669059074003 0.9032353652970484
234 0.8202539632463072 0.955945848480319
235 0.8360280779241207 0.8958100309972187
236 0.8202539632463072 0.9057320613459635
237 0.8202539632463072 0.9072680919511663
238 0.828141020585214 0.895076691289806
239 0.828141020585214 0.9699525313514007
240 0.8202539632463072 0.886158857131461
241 0.8360280779241207 0.9564945994658762
242 0.8518021926019343 0.860825780026274
243 0.8518021926019343 0.8835548816467161
244 0.867576307279748 0.902688256626314
245 0.8596892499408412 0.9233203997343231
246 0.8596892499408412 0.919179304202808
247 0.8754633646186547 0.9071437618926873
248 0.867576307279748 0.8885731775789724
249 0.8833504219575615 0.910399557088722
250 0.8754633646186547 0.8933736256051565
251 0.8754633646186547 0.9504881665256717
252 0.8991245366353752 0.8959218494165955
253 0.907011593974282 0.9804030430099298
254 0.9148986513131887 0.8998743762871679
255 0.8991245366353752 0.9132024536989131
256 0.8991245366353752 0.9268579692669815
257 0.8991245366353752 0.9070155154028521
258 0.9227857086520955 0.9276269601280552
259 0.9385598233299092 0.9068171384130934
260 0.9227857086520955 0.9129472994258351
261 0.9385598233299092 0.8823658387667507
262 0.9385598233299092 0.8856286793713805
263 0.9701080526855363 0.9505892508541752
264 0.946446880668816 0.9098008568048229
265 0.9385598233299092 0.8852375142232699
266 0.9306727659910023 0.8702631554350622
267 0.9385598233299092 0.8790615880763766
268 0.946446880668816 0.9022908392467865
269 0.946446880668816 0.9045031907549583
270 0.9622209953466295 0.9255478176585509
271 0.946446880668816 0.9021310457082898
272 0.9385598233299092 0.9089302122814031
273 0.9385598233299092 0.8821451349611261
274 0.946446880668816 0.8924018028222199
275 0.9385598233299092 0.8919891804477147
276 0.946446880668816 0.9071719789940257
277 0.9306727659910023 0.9361805773150266
278 0.946446880668816 0.8727456598175676
279 0.9622209953466295 0.9516943860061183
280 0.946446880668816 0.9035517497041424
281 0.9306727659910023 0.9181377072023561
282 0.9543339380077227 0.8833372023496845
283 0.946446880668816 0.92631839966699
284 0.9622209953466295 0.884176896124727
285 0.946446880668816 0.948971852788271
286 0.946446880668816 0.8628436341880731
287 0.9543339380077227 0.9259328789339762
288 0.946446880668816 0.8654494162931079
289 0.9701080526855363 0.898264596794837
290 0.9701080526855363 0.9373723607778981
291 0.9701080526855363 0.8498631217609152
292 0.9701080526855363 0.938891661745752
293 0.9701080526855363 0.8656453296961332
294 0.9701080526855363 0.9621990156474135
295 0.9701080526855363 0.8911065892462091
296 0.9701080526855363 0.9252825178462627
297 0.9779951100244432 0.9137031240970662
298 0.9937692247022567 0.918618325640398
299 0.9779951100244432 0.9132565337302205
300 0.98588216736335 0.9002556709967943
301 0.9779951100244432 0.9159314628318127
302 0.9937692247022567 0.8956159532260436
303 0.9779951100244432 0.8918220866563311
304 0.9701080526855363 0.9001025479761283
305 0.9779951100244432 0.8908916899049947
306 0.98588216736335 0.8957022324188909
307 0.9937692247022567 0.8923122026604323
308 0.9937692247022567 0.8572959052821653
309 1.0095433393800703 0.9399303377539163
310 0.98588216736335 0.8704335146059008
311 0.98588216736335 0.8827898776142735
312 0.9937692247022567 0.8948153928089639
313 0.98588216736335 0.8955070476886289
314 1.017430396718977 0.9094509957172213
315 1.0016562820411636 0.931463522094942
316 1.0095433393800703 0.8838415976524104
317 1.0095433393800703 0.9248674851905111
318 0.98588216736335 0.8683681369539893
319 1.0016562820411636 0.9599362628920757
320 0.98588216736335 0.863351183808227
321 0.98588216736335 0.9084652768746928
322 0.98588216736335 0.8278312808837005
323 0.98588216736335 0.9381244014130474
324 0.9701080526855363 0.902773363277393
325 0.9701080526855363 0.9227703078218833
326 0.98588216736335 0.8134889902090594
327 0.98588216736335 0.867567115546527
328 0.9701080526855363 0.8306667238917599
329 0.9622209953466295 0.8766726443638572
330 0.9701080526855363 0.9338292147385315
331 0.98588216736335 0.8588735256308381
332 0.9779951100244432 0.9277844650368953
333 0.98588216736335 0.8835843002663933
334 0.98588216736335 0.9086993059788964
335 0.9779951100244432 0.8579796422433185
336 0.9779951100244432 0.8937062772524731
337 0.98588216736335 0.8890348829354978
338 0.98588216736335 0.8472768431527301
339 0.9701080526855363 0.9024578851032977
340 0.9937692247022567 0.9097426919656164
341 0.98588216736335 0.933466544457473
342 0.9937692247022567 0.9075102245304866
343 0.98588216736335 0.9159498998621008
344 0.9779951100244432 0.8762989266088729
345 0.9937692247022567 0.8887902940364977
346 0.9937692247022567 0.9009323416551036
347 0.98588216736335 0.8814548919131108
348 0.9779951100244432 0.8753587582038854
349 0.9779951100244432 0.8648611581286404
350 0.9701080526855363 0.9196508988877615
351 0.9779951100244432 0.8694727082680641
352 0.9701080526855363 0.9112337196883558
353 0.9622209953466295 0.870820518564962
354 0.9779951100244432 0.9039291341995018
355 0.9701080526855363 0.8716946925850834
356 0.9779951100244432 0.9107934567633935
357 0.9937692247022567 0.8735676885105205
358 0.9937692247022567 0.8839948133239665
359 0.9543339380077227 0.8574510736853335
360 0.9701080526855363 0.8428836175388394
361 0.9779951100244432 0.898967421880376
362 0.98588216736335 0.8564284082121146
363 0.98588216736335 0.886944481990633
364 0.98588216736335 0.8663290652980473
365 0.9937692247022567 0.9126872953329667
366 1.0016562820411636 0.882583067884449
367 1.0016562820411636 0.9202101293065886
368 1.0095433393800703 0.862678254438174
369 0.9937692247022567 0.9169131623014268
370 1.0016562820411636 0.8905143300441857
371 1.0095433393800703 0.8672514947958142
372 1.0095433393800703 0.9076712221610633
373 0.9937692247022567 0.8801599584704587
374 1.0016562820411636 0.9100040058934314
375 1.0095433393800703 0.8825650687434329
376 1.0095433393800703 0.8868792468569218
377 1.017430396718977 0.8667991399478978
378 1.017430396718977 0.8184369852288714
379 1.0332045113967907 0.8728642952937081
380 1.0016562820411636 0.8609730797153228
381 1.0095433393800703 0.8863484810013845
382 1.025317454057884 0.8781058723736466
383 1.025317454057884 0.9312601769270208
384 1.0095433393800703 0.8298178050577795
385 1.0095433393800703 0.900801362638368
386 1.017430396718977 0.8387265013382388
387 1.017430396718977 0.9016681932998527
388 1.017430396718977 0.8624365677250262
389 1.0016562820411636 0.913357544995166
390 1.0410915687356976 0.9005055753681861
391 1.0332045113967907 0.8987250155990949
392 1.025317454057884 0.8384103505681966
393 1.025317454057884 0.87901898815346
394 1.0332045113967907 0.8987427627235299
395 1.0332045113967907 0.8923706334194631
396 1.0332045113967907 0.9153181230758549
397 1.0332045113967907 0.8815791145870319
398 1.025317454057884 0.8945873742770585
399 1.025317454057884 0.8793347637841349
400 1.0410915687356976 0.8984945751268488
401 1.0332045113967907 0.8597363615495835
402 1.025317454057884 0.866875919365702
403 1.025317454057884 0.8538332981601564
404 1.017430396718977 0.8079704939576826
405 1.0332045113967907 0.9334150713023116
406 1.0410915687356976 0.8395288897488662
407 1.017430396718977 0.8394983995420521
408 1.025317454057884 0.8417655815013287
409 1.017430396718977 0.8470225455715805
410 1.025317454057884 0.8263685512248693
411 1.025317454057884 0.8895028270757458
412 1.0332045113967907 0.8862142906310878
413 1.0410915687356976 0.9080916579329416
414 1.0332045113967907 0.8580276210228343
415 1.0410915687356976 0.8486464818666927
416 1.0410915687356976 0.8566812643536723
417 1.0332045113967907 0.8857676066785869
418 1.025317454057884 0.8580162798316213
419 1.0410915687356976 0.8703818481294754
420 1.0332045113967907 0.8959530316513158
421 1.0332045113967907 0.8686022845084559
422 1.0410915687356976 0.8209402832981149
423 1.025317454057884 0.8696243750968452
424 1.025317454057884 0.8710173305895671
425 1.0332045113967907 0.8702951060261386
426 1.0332045113967907 0.874202677139213
427 1.0489786260746043 0.8330911615768369
428 1.0332045113967907 0.8710762282496102
429 1.025317454057884 0.8277628624459571
430 1.025317454057884 0.9030836253430236
431 1.0095433393800703 0.8803718105618964
432 1.0410915687356976 0.8865815878919571
433 1.0410915687356976 0.9176702380410408
434 1.017430396718977 0.8304924005680863
435 1.0095433393800703 0.8676065875619795
436 1.0332045113967907 0.8917141659689063
437 1.025317454057884 0.8882631619583037
438 1.0332045113967907 0.8506766183278881
439 1.0410915687356976 0.8306940062600757
440 1.0410915687356976 0.881771915376493
441 1.0410915687356976 0.8240433606226645
442 1.017430396718977 0.9048860782026362
443 1.017430396718977 0.8779433408775682
444 1.017430396718977 0.9063494216346024
445 1.017430396718977 0.8857659277356121
446 1.025317454057884 0.9086867556661201
447 1.017430396718977 0.8815883426246125
448 1.017430396718977 0.8693945206742962
449 1.0332045113967907 0.8715191007797847
450 1.0095433393800703 0.8745253197862584
451 1.017430396718977 0.8503071939610096
452 1.0095433393800703 0.8894297817228437
453 1.0332045113967907 0.8477070189832868
454 1.0332045113967907 0.8564002189054687
455 1.0095433393800703 0.8934352231250424
456 0.9937692247022567 0.8869018039627902
457 0.9937692247022567 0.8631534416789484
458 1.017430396718977 0.8830289251628016
459 1.017430396718977 0.862792961531328
460 1.017430396718977 0.8585552015765323
461 1.0016562820411636 0.8412780224999729
462 1.0095433393800703 0.8903950318639003
463 1.0095433393800703 0.8863319368447093
464 1.025317454057884 0.8602369291753685
465 1.0332045113967907 0.8798332289881147
466 1.0332045113967907 0.8822508031266951
467 1.025317454057884 0.9066877592599012
468 1.025317454057884 0.8783395429538855
469 1.0410915687356976 0.9035921416653452
470 1.025317454057884 0.8654375156169933
471 1.0095433393800703 0.8893390498104176
472 1.025317454057884 0.8686644689071149
473 1.025317454057884 0.8859931041790096
474 1.025317454057884 0.866095404430922
475 1.025317454057884 0.8859097407696531
476 1.0095433393800703 0.8164235152338467
477 1.017430396718977 0.8411904553624205
478 1.025317454057884 0.8666833421272049
479 1.0332045113967907 0.8516409379998188
480 1.0410915687356976 0.8474957337083917
481 1.025317454057884 0.853692660897892
482 1.025317454057884 0.8205828321635673
483 1.017430396718977 0.8785546766930172
484 1.025317454057884 0.8319999227572
485 1.025317454057884 0.8971598548895365
486 1.025317454057884 0.8547225109058516
487 1.0016562820411636 0.9404954584897316
488 1.017430396718977 0.7669195279515536
489 1.017430396718977 0.9014012913747037
490 1.025317454057884 0.7958961534875781
491 1.0332045113967907 0.8786065962777515
492 1.0095433393800703 0.841005570098857
493 1.0095433393800703 0.8601652566519493
494 1.017430396718977 0.868903107680261
495 1.025317454057884 0.8702385589502655
496 1.017430396718977 0.9023593522003373
497 1.0095433393800703 0.836725099360347
498 1.017430396718977 0.8945337843269856
499 0.98588216736335 0.8444262409566808
500 0.98588216736335 0.8809191058130494
501 0.9937692247022567 0.8699134989670351
502 1.0016562820411636 0.874834984966718
503 1.0095433393800703 0.9046785319754239
504 1.0016562820411636 0.8653299133906098
505 1.017430396718977 0.8737858844563571
506 1.017430396718977 0.8613443543548994
507 1.025317454057884 0.8947999359789806
508 1.025317454057884 0.8667767085206374
509 1.025317454057884 0.8472898995498807
510 1.0095433393800703 0.8534557704664779
511 1.017430396718977 0.8592599698047675
512 1.017430396718977 0.8742448843101761
513 1.017430396718977 0.8630769831000898
514 1.017430396718977 0.8777748178242883
515 1.0016562820411636 0.8716652624062561
516 1.0016562820411636 0.8686754646106384
517 1.0095433393800703 0.8311458399454509
518 1.017430396718977 0.9087111497947848
519 1.017430396718977 0.8452186293808744
520 0.9937692247022567 0.8876526023770251
521 0.9937692247022567 0.8561433744323242
522 0.9937692247022567 0.8380873341113052
523 0.9937692247022567 0.8656083424711339
524 0.9937692247022567 0.8746317260308273
525 1.0095433393800703 0.8693388565391349
526 0.9779951100244432 0.8404796911059699
527 0.9701080526855363 0.8603299375566983
528 0.9701080526855363 0.8712888050006078
529 0.9937692247022567 0.8595624355182144
530 0.98588216736335 0.8123217804021494
531 0.9937692247022567 0.8546671084291112
532 0.9937692247022567 0.8449847666776674
533 0.98588216736335 0.864727580121023
534 0.9937692247022567 0.7968044866369869
535 1.0016562820411636 0.8940195304619709
536 0.9937692247022567 0.7994638099486823
537 1.0095433393800703 0.7827101767825565
538 1.0016562820411636 0.8064636108982761
539 1.0095433393800703 0.821451875323714
540 1.0016562820411636 0.8083539205312883
541 1.0095433393800703 0.7659175027675718
542 1.0016562820411636 0.840905815207802
543 1.017430396718977 0.796718300974804
544 1.0016562820411636 0.8339729421409461
545 1.0016562820411636 0.805757378104393
546 1.025317454057884 0.8557401476076258
547 1.025317454057884 0.7847635995127243
548 1.017430396718977 0.8068815327264445
549 1.017430396718977 0.7741305688460419
550 1.0016562820411636 0.8275316841173094
551 1.017430396718977 0.801748160196571
552 1.0332045113967907 0.8252597857395398
553 1.025317454057884 0.8363401677765259
554 1.0332045113967907 0.8302934668885765
555 1.025317454057884 0.7930434772417515
556 1.0410915687356976 0.8374294164196651
557 1.0410915687356976 0.8437619810843625
558 1.0332045113967907 0.8324217237427607
559 1.025317454057884 0.8460888209197689
560 1.0332045113967907 0.8723563477038436
561 1.017430396718977 0.839007863217892
562 1.0016562820411636 0.878119913636239
563 1.0095433393800703 0.8374559490568761
564 1.0016562820411636 0.8124302803398524
565 1.0016562820411636 0.846070053014333
566 0.9937692247022567 0.7943419037993251
567 0.98588216736335 0.8460484247094402
568 0.9937692247022567 0.8205258174062069
569 0.9937692247022567 0.8691247040478208
570 0.98588216736335 0.8401448332570293
571 0.9701080526855363 0.853573102868044
572 0.98588216736335 0.8346112693270881
573 0.98588216736335 0.8860040930453005
574 1.0016562820411636 0.8474742392929062
575 0.9937692247022567 0.8638426056390339
576 0.9779951100244432 0.7564950015580111
577 0.9937692247022567 0.7964134728348415
578 1.0095433393800703 0.8276669055072153
579 1.0095433393800703 0.8655201518525932
580 1.0016562820411636 0.7841433513061306
581 0.98588216736335 0.8305381029804884
582 0.98588216736335 0.7842545856818578
583 0.9937692247022567 0.8602785354314898
584 0.98588216736335 0.8580463775571453
585 0.98588216736335 0.8394098356572048
586 0.9937692247022567 0.824432270337219
587 0.9937692247022567 0.7716122959118126
588 0.9779951100244432 0.7975969404563752
589 0.9779951100244432 0.8417740394209535
590 0.98588216736335 0.7999144473896901
591 0.9937692247022567 0.8255725731280407
592 0.9937692247022567 0.80902424789259
593 0.98588216736335 0.8211941472929243
594 0.9779951100244432 0.8265690791292781
595 0.98588216736335 0.8116039490492872
596 0.9937692247022567 0.8273685785802282
597 0.9779951100244432 0.8369623270519484
598 0.9701080526855363 0.8328436068686089
599 0.9701080526855363 0.8170190912777218
600 0.9701080526855363 0.827278793387216
601 0.946446880668816 0.8542535691238878
602 0.9385598233299092 0.81295884262695
603 0.9306727659910023 0.8437271410799082
604 0.9306727659910023 0.8163026622765482
605 0.9543339380077227 0.8216670148460324
606 0.9622209953466295 0.8033611572027507
607 0.9701080526855363 0.8279935260176364
608 0.9779951100244432 0.7787938122007573
609 0.9543339380077227 0.7985869446968935
610 0.9622209953466295 0.7390830768344794
611 0.9779951100244432 0.8141812841689272
612 0.9701080526855363 0.7870908045443124
613 0.9622209953466295 0.8347076252740089
614 0.9701080526855363 0.7924103021511012
615 0.9779951100244432 0.8173954222708002
616 0.9701080526855363 0.7632622997572936
617 0.9701080526855363 0.8334396585226164
618 0.9779951100244432 0.782366523991526
619 0.9779951100244432 0.7990209354048945
620 0.9779951100244432 0.7215812893691416
621 0.9701080526855363 0.7876000719968366
622 0.98588216736335 0.7729961130414057
623 0.98588216736335 0.819176797765745
624 0.98588216736335 0.8125173113524453
625 0.98588216736335 0.8519681420423739
626 0.98588216736335 0.8138899244138621
627 0.98588216736335 0.8105660831316165
628 0.9937692247022567 0.8221393689644755
629 0.9937692247022567 0.8567098757827176
630 0.98588216736335 0.8087702917098581
631 1.0016562820411636 0.8175768410723621
632 1.0095433393800703 0.8185504816091681
633 1.0410915687356976 0.8077414853967737
634 1.0489786260746043 0.7780920028326687
635 1.056865683413511 0.7543163473595467
636 1.0410915687356976 0.7519143667372677
637 1.017430396718977 0.8019963757659251
638 1.0332045113967907 0.7506375256610601
639 1.0410915687356976 0.776162565476656
640 1.0489786260746043 0.7680076988448086
641 1.064752740752418 0.7391860801447417
642 1.056865683413511 0.7398134296575068
643 1.0489786260746043 0.7667660301410687
644 1.0410915687356976 0.7558477398163198
645 1.064752740752418 0.7485751502422999
646 1.0726397980913247 0.795921282322545
647 1.0805268554302316 0.753148984001836
648 1.0805268554302316 0.8197250405538097
649 1.064752740752418 0.7439525498866812
650 1.064752740752418 0.7490564232794825
651 1.0805268554302316 0.7751911778169552
652 1.0805268554302316 0.762881316203059
653 1.0884139127691383 0.8021137451023765
654 1.104188027446952 0.7873194201473805
655 1.096300970108045 0.7833716213666715
656 1.104188027446952 0.7616050979608496
657 1.096300970108045 0.7050598879300164
658 1.104188027446952 0.7670781414723106
659 1.0884139127691383 0.7325771476270859
660 1.104188027446952 0.8149271467071704
661 1.0884139127691383 0.7835747560591142
662 1.096300970108045 0.780881274016142
663 1.096300970108045 0.7578214906425088
664 1.096300970108045 0.7663279973581908
665 1.096300970108045 0.6543752480771933
666 1.1199621421247656 0.7525022429095312
667 1.1278491994636723 0.7163724496441327
668 1.1199621421247656 0.727100736726114
669 1.096300970108045 0.7344829349825746
670 1.0805268554302316 0.7596737448542802
671 1.104188027446952 0.8012725099730201
672 1.096300970108045 0.7907830874261518
673 1.104188027446952 0.7627183165543767
674 1.104188027446952 0.795038192442932
675 1.096300970108045 0.7842102606990969
676 1.1120750847858587 0.8021833545886491
677 1.096300970108045 0.7892972803527161
678 1.104188027446952 0.8009118733499644
679 1.104188027446952 0.8079791174652163
680 1.0884139127691383 0.7478398735817282
681 1.104188027446952 0.8013463099302223
682 1.1120750847858587 0.7702829984829198
683 1.096300970108045 0.8347894314299694
684 1.104188027446952 0.7666961703141583
685 1.096300970108045 0.8344593876906725
686 1.104188027446952 0.7962208645275446
687 1.104188027446952 0.8380053500524849
688 1.104188027446952 0.7798416458895628
689 1.104188027446952 0.7494405630751942
690 1.1120750847858587 0.75495080973379
691 1.1120750847858587 0.8070486286163522
692 1.1199621421247656 0.7493321196180076
693 1.1120750847858587 0.8072852182700169
694 1.104188027446952 0.8215634245457896
695 1.1199621421247656 0.8002117353692234
696 1.135736256802579 0.816295518954498
697 1.1278491994636723 0.8014616373633205
698 1.1199621421247656 0.7606229847163523
699 1.135736256802579 0.7689933408668274
700 1.1278491994636723 0.7436263154268437
701 1.135736256802579 0.7740892968022597
702 1.135736256802579 0.7902636377598742
703 1.1199621421247656 0.7745419740271892
704 1.135736256802579 0.7413195855837778
705 1.1199621421247656 0.7860846892232017
706 1.1278491994636723 0.7606699865234374
707 1.135736256802579 0.8258508610691125
708 1.143623314141486 0.7948730610544046
709 1.1278491994636723 0.766921708299601
710 1.1199621421247656 0.8374567042871843
711 1.1278491994636723 0.8031053169610252
712 1.135736256802579 0.8528067782518284
713 1.135736256802579 0.7882924599719903
714 1.143623314141486 0.7512785942804285
715 1.135736256802579 0.7621279276086852
716 1.1278491994636723 0.8091155894589918
717 1.1515103714803927 0.7954757078684266
718 1.1515103714803927 0.8084193221157723
719 1.143623314141486 0.7850168835859428
720 1.1593974288192996 0.7495416019491884
721 1.143623314141486 0.7631428289896437
722 1.1515103714803927 0.7904530221048025
723 1.1515103714803927 0.8150550939551127
724 1.143623314141486 0.8642069117587227
725 1.135736256802579 0.836143996381071
726 1.1278491994636723 0.8348398845763128
727 1.143623314141486 0.8099704806277059
728 1.1278491994636723 0.7935539786974649
729 1.1515103714803927 0.7226078370705524
730 1.135736256802579 0.7857937552075716
731 1.1278491994636723 0.7948440253046916
732 1.1278491994636723 0.8648981243278323
733 1.143623314141486 0.7657805837890005
734 1.1515103714803927 0.7887174889256863
735 1.1593974288192996 0.7520021547604938
736 1.1593974288192996 0.7938520967105797
737 1.1515103714803927 0.7554327594157365
738 1.143623314141486 0.7625225557457957
739 1.1672844861582063 0.7813944993885067
740 1.1672844861582063 0.7840389765391653
741 1.1593974288192996 0.749919445709502
742 1.1593974288192996 0.8105897483758887
743 1.175171543497113 0.7513741262570336
744 1.175171543497113 0.7988359714739983
745 1.18305860083602 0.7428634354594376
746 1.1909456581749267 0.7614923365429483
747 1.1988327155138336 0.738299495014037
748 1.1909456581749267 0.7312061274702837
749 1.2067197728527403 0.7324684758968818
750 1.1988327155138336 0.7362331712664795
751 1.1988327155138336 0.7271867110600462
752 1.214606830191647 0.7469811490394762
753 1.2067197728527403 0.70530123089874
754 1.214606830191647 0.724131829876052
755 1.214606830191647 0.728002063821009
756 1.2303809448694607 0.7858917519551832
757 1.222493887530554 0.7160355849227933
758 1.2067197728527403 0.767083397278618
759 1.214606830191647 0.7139514365931707
760 1.214606830191647 0.7596569899887368
761 1.2382680022083676 0.7208763732009901
762 1.2303809448694607 0.7247109398248922
763 1.2382680022083676 0.7576036356326686
764 1.214606830191647 0.7643536029519151
765 1.2382680022083676 0.7593203501547806
766 1.254042116886181 0.7502281357440201
767 1.2461550595472743 0.7134956359603424
768 1.2382680022083676 0.7685330986817823
769 1.2303809448694607 0.7373713121764169
770 1.2303809448694607 0.7875433471464627
771 1.2382680022083676 0.748510963415003
772 1.261929174225088 0.7898048600917904
773 1.2698162315639947 0.7152545703219466
774 1.261929174225088 0.7293612752786783
775 1.254042116886181 0.7551600538563683
776 1.2382680022083676 0.7844360977815109
777 1.254042116886181 0.7530828110020965
778 1.2855903462418083 0.7060344385486372
779 1.2855903462418083 0.7451798237292577
780 1.2777032889029016 0.7055718832641477
781 1.261929174225088 0.7165336775949973
782 1.2698162315639947 0.7293383835482828
783 1.2777032889029016 0.724714675597075
784 1.2855903462418083 0.7484646884653566
785 1.2855903462418083 0.7182228319872169
786 1.2855903462418083 0.794188128361343
787 1.2855903462418083 0.6707255450637025
788 1.261929174225088 0.7149782698710597
789 1.2698162315639947 0.727254568452405
790 1.2698162315639947 0.7280181391619674
791 1.2777032889029016 0.7027999298772887
792 1.2855903462418083 0.6505325611680045
793 1.301364460919622 0.7061166219864166
794 1.293477403580715 0.6993859082414858
795 1.293477403580715 0.69490803646806
796 1.293477403580715 0.6889691589798119
797 1.301364460919622 0.6542431129898403
798 1.301364460919622 0.7148053663143109
799 1.2777032889029016 0.7388369298025312
800 1.2698162315639947 0.7434356906576672
801 1.2777032889029016 0.6692374800896296
802 1.2777032889029016 0.70661784108064
803 1.2777032889029016 0.698583523307978
804 1.2698162315639947 0.6951205545092173
805 1.261929174225088 0.7005618372428054
806 1.261929174225088 0.6832129073655866
807 1.293477403580715 0.6934425743428119
808 1.3092515182585287 0.7278870356665329
809 1.301364460919622 0.7610836901000587
810 1.301364460919622 0.7419666954272571
811 1.2777032889029016 0.7359003604316995
812 1.293477403580715 0.6976748349715605
813 1.301364460919622 0.6986156931917044
814 1.3092515182585287 0.6894032193608913
815 1.3171385755974354 0.7154405411755015
816 1.3171385755974354 0.6652761369731723
817 1.293477403580715 0.679296543476989
818 1.301364460919622 0.7013784678599396
819 1.301364460919622 0.7145251983914106
820 1.3171385755974354 0.7183420635801981
821 1.3171385755974354 0.7660931018217292
822 1.3250256329363423 0.6944677350657168
823 1.3171385755974354 0.7238799962836103
824 1.3250256329363423 0.7326096430228939
825 1.293477403580715 0.7356678486847622
826 1.301364460919622 0.7360971380024972
827 1.301364460919622 0.6913696191059249
828 1.3092515182585287 0.6817861066798176
829 1.3092515182585287 0.6996324295122333
830 1.3092515182585287 0.7130435576538322
831 1.3250256329363423 0.7008833607256737
832 1.3171385755974354 0.7108214218942055
833 1.3092515182585287 0.6873061704317837
834 1.3171385755974354 0.6746393930018851
835 1.3171385755974354 0.7067416139635514
836 1.3092515182585287 0.7109391436546344
837 1.3250256329363423 0.724105945905315
838 1.340799747614156 0.7185987393316084
839 1.340799747614156 0.7363983213198694
840 1.340799747614156 0.7243977675914709
841 1.340799747614156 0.7031830349065944
842 1.340799747614156 0.7419523795296143
843 1.340799747614156 0.6857024450451473
844 1.340799747614156 0.6717214562960185
845 1.332912690275249 0.7031456159158742
846 1.340799747614156 0.6466535526730001
847 1.3486868049530627 0.66095852725136
848 1.38023503430869 0.6673349170776576
849 1.3644609196308763 0.6864663711817109
850 1.3644609196308763 0.7274894840812716
851 1.3644609196308763 0.702780518359841
852 1.340799747614156 0.6414120974501407
853 1.3486868049530627 0.6627484092455701
854 1.3644609196308763 0.686733583113719
855 1.372347976969783 0.6987305683877659
856 1.3565738622919694 0.7548378117705679
857 1.3486868049530627 0.7283969990824871
858 1.3565738622919694 0.7342198629830098
859 1.3565738622919694 0.6934611051315195
860 1.372347976969783 0.7477782107159074
861 1.3644609196308763 0.7264060563681624
862 1.3565738622919694 0.7293282655790112
863 1.3565738622919694 0.7249360624504485
864 1.3565738622919694 0.7418094461299319
865 1.3881220916475967 0.7009032417831774
866 1.3881220916475967 0.725392465235852
867 1.38023503430869 0.7126338463156789
868 1.372347976969783 0.7261787222470858
869 1.3881220916475967 0.7184254296488735
870 1.38023503430869 0.7043638501779461
871 1.3644609196308763 0.712045757978219
872 1.3644609196308763 0.6578058134311819
873 1.3960091489865034 0.7332895917443414
874 1.3881220916475967 0.7215290196420572
875 1.38023503430869 0.7096639385450983
876 1.372347976969783 0.6893332233056358
877 1.372347976969783 0.706618669820031
878 1.3486868049530627 0.6573848798604084
879 1.372347976969783 0.7257315541506284
880 1.38023503430869 0.6871882852136052
881 1.3881220916475967 0.7168660195072946
882 1.38023503430869 0.7038380611481333
883 1.372347976969783 0.7571611861534926
884 1.38023503430869 0.7347128714009116
885 1.3881220916475967 0.7456496402177026
886 1.3960091489865034 0.775137088519658
887 1.38023503430869 0.7570630852256861
888 1.372347976969783 0.7713773802337394
889 1.3881220916475967 0.7466590879312318
890 1.411783263664317 0.7372090464578742
891 1.4038962063254103 0.6582474594567465
892 1.4038962063254103 0.6834345960587546
893 1.3960091489865034 0.7047580633359843
894 1.3881220916475967 0.6840803866874475
895 1.3960091489865034 0.6962884466927912
896 1.4038962063254103 0.697698455382008
897 1.411783263664317 0.6753718000553405
898 1.411783263664317 0.7132154604430012
899 1.411783263664317 0.6665206803270146
900 1.411783263664317 0.7123724855716949
901 1.411783263664317 0.6860260435625065
902 1.419670321003224 0.7148629309322511
903 1.419670321003224 0.6776857771008318
904 1.419670321003224 0.6223479631673381
905 1.419670321003224 0.6263473930574754
906 1.4275573783421307 0.6388290518464044
907 1.411783263664317 0.6451464062426419
908 1.419670321003224 0.6590777555082102
909 1.4354444356810374 0.7027325310567729
910 1.4354444356810374 0.6791833698948752
911 1.4354444356810374 0.661669666622271
912 1.419670321003224 0.6299364838837641
913 1.411783263664317 0.6389333731417774
914 1.411783263664317 0.6981289606988529
915 1.419670321003224 0.7228706931092215
916 1.4354444356810374 0.5974386882912441
917 1.4275573783421307 0.6534084071941788
918 1.419670321003224 0.6524506645893259
919 1.4354444356810374 0.6341439503713335
920 1.4433314930199443 0.6506661336372063
921 1.4354444356810374 0.6213982326685418
922 1.411783263664317 0.6498014015466362
923 1.4275573783421307 0.6755769132541619
924 1.419670321003224 0.7029419295332572
925 1.4433314930199443 0.6470932737636322
926 1.451218550358851 0.6488529077676157
927 1.4669926650366647 0.6597372097956538
928 1.459105607697758 0.6328367049087725
929 1.4669926650366647 0.6418007684014911
930 1.451218550358851 0.6306216646308072
931 1.451218550358851 0.6228554713825836
932 1.451218550358851 0.6143873977044454
933 1.451218550358851 0.6201260374080855
934 1.451218550358851 0.6702164122079305
935 1.459105607697758 0.6786116489450887
936 1.490653837053385 0.6956539092571973
937 1.490653837053385 0.6750301661284624
938 1.4748797223755714 0.6590542431863396
939 1.4827667797144783 0.6159070780372234
940 1.4827667797144783 0.6352698623076798
941 1.4827667797144783 0.5992051355139656
942 1.498540894392292 0.604211632613872
943 1.5064279517311987 0.612642920241931
944 1.5064279517311987 0.5704826548175312
945 1.5064279517311987 0.618941456742807
946 1.5064279517311987 0.6004492011867099
947 1.498540894392292 0.6117453090913101
948 1.5064279517311987 0.5986045515479524
949 1.5064279517311987 0.5549497808160548
950 1.5064279517311987 0.6078898700911968
951 1.5143150090701054 0.6417978130915343
952 1.5064279517311987 0.6331881463654032
953 1.5064279517311987 0.6561296419883067
954 1.490653837053385 0.63774771560618
955 1.490653837053385 0.618480523049121
956 1.5064279517311987 0.6151690964889127
957 1.5064279517311987 0.5885112985315667
958 1.498540894392292 0.6462250425704859
959 1.5064279517311987 0.6259140343421662
960 1.5222020664090123 0.6416155118235234
961 1.5222020664090123 0.6371603265285264
962 1.530089123747919 0.642452904623199
963 1.5222020664090123 0.6235424499660541
964 1.5064279517311987 0.6632711682265968
965 1.498540894392292 0.6437489179016818
966 1.5222020664090123 0.6521071988304585
967 1.5143150090701054 0.6485436091939317
968 1.5222020664090123 0.6508412539623417
969 1.5143150090701054 0.6282787703567636
970 1.5143150090701054 0.6133388515416366
971 1.5143150090701054 0.6450268507713827
972 1.5458632384257327 0.611175662802141
973 1.537976181086826 0.6454044915771215
974 1.537976181086826 0.6216451183265165
975 1.5537502957646394 0.6833877295536018
976 1.537976181086826 0.6150485307521161
977 1.5537502957646394 0.566408129082957
978 1.5458632384257327 0.6149102408823168
979 1.5458632384257327 0.6433968175400478
980 1.537976181086826 0.6610834640013523
981 1.5458632384257327 0.6630753006217812
982 1.5537502957646394 0.6649415490136613
983 1.5458632384257327 0.6227354257487251
984 1.530089123747919 0.6057606282527738
985 1.537976181086826 0.5701379864598018
986 1.5458632384257327 0.6200713588110115
987 1.5458632384257327 0.608177711039164
988 1.5458632384257327 0.5943196997394837
989 1.537976181086826 0.6223440479308976
990 1.5222020664090123 0.6460740725806043
991 1.5222020664090123 0.6163615744717967
992 1.537976181086826 0.5877921504991116
993 1.5458632384257327 0.5817021860998982
994 1.5458632384257327 0.6432664365918364
995 1.5458632384257327 0.6288844852281679
996 1.537976181086826 0.6126953251305479
997 1.530089123747919 0.6078867765431859
998 1.5222020664090123 0.5718421116958148
999 1.5222020664090123 0.5805702674965242
1000 1.5222020664090123 0.6040520032084277
1001 1.5222020664090123 0.5752943378428211
1002 1.5222020664090123 0.5892389500429266
1003 1.530089123747919 0.5710165680897097
1004 1.530089123747919 0.6082534953845884
1005 1.5458632384257327 0.5910755564375606
1006 1.530089123747919 0.5683740696121663
1007 1.530089123747919 0.564166811069295
1008 1.537976181086826 0.5706448406395854
1009 1.5537502957646394 0.549073356431804
1010 1.5458632384257327 0.5423151000926049
1011 1.530089123747919 0.5415856075756611
1012 1.5222020664090123 0.5745804446527426
1013 1.5222020664090123 0.6135965781390018
1014 1.5222020664090123 0.637856671222038
1015 1.5222020664090123 0.6477493473020116
1016 1.5143150090701054 0.5650613397472906
1017 1.530089123747919 0.5976448143031933
1018 1.530089123747919 0.6060775658600963
1019 1.530089123747919 0.5894920186671714
1020 1.5064279517311987 0.613285200945424
1021 1.5222020664090123 0.5973564939245107
1022 1.5222020664090123 0.6104306364573011
1023 1.5222020664090123 0.5788127521328943
1024 1.5143150090701054 0.5938177730006912
1025 1.5143150090701054 0.6206219024138365
1026 1.5143150090701054 0.5872931788313017
1027 1.5222020664090123 0.5848519166828091
1028 1.5222020664090123 0.5965727154166119
1029 1.530089123747919 0.587840867147284
1030 1.530089123747919 0.5721441667279996
1031 1.530089123747919 0.5853290266824438
1032 1.5222020664090123 0.6130627205537338
1033 1.5143150090701054 0.6223055194458935
1034 1.5064279517311987 0.5613171564434053
1035 1.498540894392292 0.6501048023161888
1036 1.490653837053385 0.6064182185832986
1037 1.490653837053385 0.6262864627367173
1038 1.4827667797144783 0.5744454804646411
1039 1.498540894392292 0.6062024703474265
1040 1.498540894392292 0.5227628942377138
1041 1.498540894392292 0.5802046927240231
1042 1.490653837053385 0.5578704349421154
1043 1.5064279517311987 0.5837507541219585
1044 1.5064279517311987 0.5099982330979028
1045 1.498540894392292 0.5069681941251721
1046 1.5064279517311987 0.5463973556753315
1047 1.5143150090701054 0.5606361659019384
1048 1.530089123747919 0.5344333889128217
1049 1.530089123747919 0.6135809765387695
1050 1.537976181086826 0.6035499585607756
1051 1.5537502957646394 0.5824620379133316
1052 1.537976181086826 0.561937750716137
1053 1.5143150090701054 0.5875703693217654
1054 1.5143150090701054 0.6037108060186153
1055 1.5143150090701054 0.6153156657945079
1056 1.537976181086826 0.5766686267457128
1057 1.530089123747919 0.5991052349144317
1058 1.530089123747919 0.559702957566276
1059 1.530089123747919 0.5902697437748918
1060 1.537976181086826 0.5822307876336131
1061 1.530089123747919 0.6201765950582695
1062 1.537976181086826 0.5836220856227105
1063 1.5458632384257327 0.5887195713440828
1064 1.5458632384257327 0.589349726980049
1065 1.5537502957646394 0.5813164804165195
1066 1.5537502957646394 0.5315489582011902
1067 1.5458632384257327 0.554503311731877
1068 1.57741146778136 0.6126813890127917
1069 1.569524410442453 0.5980979204268194
1070 1.5537502957646394 0.585232215165633
1071 1.5537502957646394 0.5314164553266719
1072 1.5537502957646394 0.5518151894383954
1073 1.5616373531035463 0.5259004845443747
1074 1.5537502957646394 0.5449489441367175
1075 1.5458632384257327 0.5171987148267543
1076 1.5616373531035463 0.540209200311715
1077 1.5616373531035463 0.5065690197401975
1078 1.5537502957646394 0.532108247121637
1079 1.5537502957646394 0.5283088511979607
1080 1.5616373531035463 0.5724528963384817
1081 1.5537502957646394 0.535108054436673
1082 1.5537502957646394 0.5399438954778364
1083 1.5616373531035463 0.5117574446149793
1084 1.5616373531035463 0.5836809173660867
1085 1.569524410442453 0.5543536666091312
1086 1.57741146778136 0.5350291781750807
1087 1.5852985251202667 0.5558904846592655
1088 1.5852985251202667 0.55024374307765
1089 1.5616373531035463 0.5573964817971192
1090 1.57741146778136 0.5453522366290026
1091 1.57741146778136 0.5240209041120353
1092 1.6010726397980803 0.5294732348348052
1093 1.5852985251202667 0.5631230209991681
1094 1.5931855824591734 0.5400975009395036
1095 1.5852985251202667 0.5700793750654528
1096 1.5931855824591734 0.558282369950358
1097 1.5931855824591734 0.5427267108220933
1098 1.5931855824591734 0.5234005649519294
1099 1.6010726397980803 0.5504031917327767
1100 1.6010726397980803 0.5445427396171435
1101 1.608959697136987 0.5053878893709478
1102 1.608959697136987 0.5452698996269424
1103 1.608959697136987 0.5662336631802621
1104 1.6010726397980803 0.5776264237266092
1105 1.608959697136987 0.5589087899550118
1106 1.608959697136987 0.5396820990676765
1107 1.616846754475894 0.601697237755669
1108 1.6247338118148007 0.5424922631522447
1109 1.6247338118148007 0.5744626191217006
1110 1.6247338118148007 0.528293181790705
1111 1.6405079264926143 0.5227565611507907
1112 1.6326208691537074 0.5149675786041288
1113 1.6247338118148007 0.5514644406739583
1114 1.6326208691537074 0.5688967853887476
1115 1.6326208691537074 0.53113595860182
1116 1.648394983831521 0.5530992513106315
1117 1.648394983831521 0.604087630472554
1118 1.6405079264926143 0.590916460734061
1119 1.656282041170428 0.5795489001231113
1120 1.648394983831521 0.5622469204467611
1121 1.648394983831521 0.522134201155497
1122 1.648394983831521 0.5399191750705606
1123 1.6405079264926143 0.5232538738190674
1124 1.6405079264926143 0.5339756829000689
1125 1.648394983831521 0.5549268325950517
1126 1.656282041170428 0.5870163738594163
1127 1.6641690985093347 0.5842673939242333
1128 1.648394983831521 0.5608279892554581
1129 1.656282041170428 0.5269951684589786
1130 1.6641690985093347 0.5509172134351772
1131 1.6799432131871483 0.5711178812738422
1132 1.6720561558482414 0.5674380803395579
1133 1.6799432131871483 0.5797097863343171
1134 1.687830270526055 0.5916054226710864
1135 1.687830270526055 0.5681018653994578
1136 1.695717327864962 0.5391918028000601
1137 1.695717327864962 0.5615088471382276
1138 1.7036043852038687 0.5167710033462106
1139 1.7193784998816823 0.5229928972283122
1140 1.695717327864962 0.5802245555051041
1141 1.687830270526055 0.6007059640707647
1142 1.6799432131871483 0.5900454103919861
1143 1.7036043852038687 0.5540288073673457
1144 1.7114914425427754 0.5830515318572861
1145 1.7114914425427754 0.5579831384397289
1146 1.7114914425427754 0.515951281816841
1147 1.695717327864962 0.5343466491365828
1148 1.7036043852038687 0.5409696789847878
1149 1.7114914425427754 0.5515739015339108
1150 1.7193784998816823 0.5321457577661096
1151 1.727265557220589 0.5222008463608917
1152 1.7193784998816823 0.49801117508270043
1153 1.735152614559496 0.5436623920469682
1154 1.727265557220589 0.5549884982302044
1155 1.7114914425427754 0.48413870298169176
1156 1.727265557220589 0.516700990089729
1157 1.7193784998816823 0.4957948389598593
1158 1.7509267292373094 0.5250843098685168
1159 1.7430396718984027 0.5566987635242789
1160 1.735152614559496 0.5585371137067526
1161 1.7430396718984027 0.5443066983612994
1162 1.7430396718984027 0.5029811244553769
1163 1.766700843915123 0.529727017180773
1164 1.7509267292373094 0.5420094941182123
1165 1.7509267292373094 0.5241353100673944
1166 1.7430396718984027 0.5401613971740175
1167 1.7509267292373094 0.5351088426040804
1168 1.7509267292373094 0.5085489231326701
1169 1.735152614559496 0.5092386012117062
1170 1.7430396718984027 0.5586658627625238
1171 1.7509267292373094 0.520354790950605
1172 1.7509267292373094 0.5250675134602132
1173 1.766700843915123 0.5179447939222432
1174 1.766700843915123 0.5077948804695758
1175 1.7430396718984027 0.529178194203658
1176 1.7509267292373094 0.5453997769897224
1177 1.7509267292373094 0.6044415356167315
1178 1.7509267292373094 0.5318540201253389
1179 1.7588137865762163 0.5249663702263878
1180 1.7588137865762163 0.5332993521550555
1181 1.766700843915123 0.5286279658303592
1182 1.7588137865762163 0.4954735662645472
1183 1.7430396718984027 0.4946092170420307
1184 1.7509267292373094 0.5162695721280101
1185 1.766700843915123 0.521634265533013
1186 1.7588137865762163 0.5376745597535674
1187 1.766700843915123 0.5498226889202551
1188 1.766700843915123 0.5037531162816253
1189 1.7588137865762163 0.4832593438362622
1190 1.766700843915123 0.5610616309567447
1191 1.77458790125403 0.5654647304499391
1192 1.7903620159318434 0.5622047353579986
1193 1.7824749585929367 0.5041901912013294
1194 1.7903620159318434 0.5086275116934826
1195 1.7903620159318434 0.5250963266565085
1196 1.7903620159318434 0.49518427704216456
1197 1.77458790125403 0.4894634994628847
1198 1.766700843915123 0.4702536973842703
1199 1.7824749585929367 0.48572018990227395
1200 1.806136130609657 0.4863690560254325
1201 1.7903620159318434 0.5225009445229104
1202 1.7588137865762163 0.49739683614517655
1203 1.77458790125403 0.4687671213830923
1204 1.766700843915123 0.5050035397174691
1205 1.766700843915123 0.5334837864166099
1206 1.766700843915123 0.496172690986018
1207 1.7824749585929367 0.5104511909292323
1208 1.806136130609657 0.5301136578413554
1209 1.7982490732707503 0.5302895852725985
1210 1.806136130609657 0.526402219063658
1211 1.7982490732707503 0.517541779930632
1212 1.7903620159318434 0.5047013771692134
1213 1.77458790125403 0.4944201232703629
1214 1.7982490732707503 0.46072737056190394
1215 1.7824749585929367 0.44754479782621404
1216 1.7982490732707503 0.5122643924030088
1217 1.7824749585929367 0.5144955741531361
1218 1.7903620159318434 0.5223761239507089
1219 1.7982490732707503 0.48170653482499165
1220 1.7903620159318434 0.4403929663060521
1221 1.766700843915123 0.47596420273699797
1222 1.77458790125403 0.5121397828191532
1223 1.7824749585929367 0.5204344509524403
1224 1.806136130609657 0.5360097490635932
1225 1.806136130609657 0.5346752334545009
1226 1.8219102452874707 0.5051378682465227
1227 1.8219102452874707 0.49479505994415324
1228 1.814023187948564 0.5051757431105149
1229 1.8219102452874707 0.5171600403733888
1230 1.8219102452874707 0.47763445399509924
1231 1.814023187948564 0.49258290986051473
1232 1.7982490732707503 0.47593525490537825
1233 1.806136130609657 0.48731522762743096
1234 1.8219102452874707 0.5053216745948658
1235 1.8376843599652843 0.5125891349736001
1236 1.845571417304191 0.5013273273385064
1237 1.853458474643098 0.5192621684916812
1238 1.845571417304191 0.5093382155375605
1239 1.8297973026263774 0.5287653755909869
1240 1.8219102452874707 0.519373902220925
1241 1.8376843599652843 0.4831602951777403
1242 1.845571417304191 0.4822485381755635
1243 1.8297973026263774 0.4848210150418688
1244 1.8297973026263774 0.4818412690373733
1245 1.8219102452874707 0.4692465922246314
1246 1.8376843599652843 0.5147973451215611
1247 1.8376843599652843 0.5156003502460179
1248 1.8219102452874707 0.4782335912164015
1249 1.8297973026263774 0.4909221105748511
1250 1.845571417304191 0.4652116623433847
1251 1.845571417304191 0.453341109708105
1252 1.8613455319820047 0.4945982897096481
1253 1.8613455319820047 0.5005277129104349
1254 1.853458474643098 0.4980524639424633
1255 1.845571417304191 0.5012351709211559
1256 1.845571417304191 0.523430519154117
1257 1.845571417304191 0.5623176518922718
1258 1.853458474643098 0.5122742167497842
1259 1.8692325893209114 0.4946361441296059
1260 1.845571417304191 0.5121187559879419
1261 1.845571417304191 0.523919019076776
1262 1.8692325893209114 0.5091847340292749
1263 1.853458474643098 0.5517555311484427
1264 1.8376843599652843 0.5241249829184887
1265 1.8376843599652843 0.5697749278700585
1266 1.853458474643098 0.5502276412598756
1267 1.853458474643098 0.534430822101587
1268 1.853458474643098 0.5460698808469904
1269 1.8613455319820047 0.4954044536601423
1270 1.845571417304191 0.5032204434945713
1271 1.8376843599652843 0.48993266838621635
1272 1.853458474643098 0.48200765073588164
1273 1.8613455319820047 0.5026803990667014
1274 1.8613455319820047 0.5132999213388958
1275 1.845571417304191 0.5543848814856829
1276 1.8297973026263774 0.5214246073768435
1277 1.8297973026263774 0.49395859639558387
1278 1.845571417304191 0.497999023411632
1279 1.853458474643098 0.4800128406351072
1280 1.845571417304191 0.48987066635702625
1281 1.845571417304191 0.512437762699858
1282 1.845571417304191 0.5074464117708797
1283 1.853458474643098 0.4646686588071805
1284 1.8613455319820047 0.4791113432642337
1285 1.853458474643098 0.49929873848837497
1286 1.853458474643098 0.5387520704543545
1287 1.853458474643098 0.47824251298140746
1288 1.8771196466598183 0.502239139659096
1289 1.8771196466598183 0.4828787619064006
1290 1.8692325893209114 0.48017479075017044
1291 1.845571417304191 0.4817586392620711
1292 1.853458474643098 0.5423034806540767
1293 1.8613455319820047 0.5198676726232576
1294 1.853458474643098 0.4945358803306844
1295 1.8613455319820047 0.47626149871655893
1296 1.8613455319820047 0.5123288615636555
1297 1.8613455319820047 0.4996612609783651
1298 1.853458474643098 0.4962190881743578
1299 1.8613455319820047 0.48045231488909035
1300 1.8692325893209114 0.5128383211758416
1301 1.8613455319820047 0.4693266328082376
1302 1.8613455319820047 0.48399893730136745
1303 1.8613455319820047 0.5011115865520439
1304 1.8692325893209114 0.46268846537813973
1305 1.8692325893209114 0.4553379389201209
1306 1.8613455319820047 0.47122853107073104
1307 1.8692325893209114 0.46660203353521224
1308 1.8771196466598183 0.5360398295081077
1309 1.885006703998725 0.5024970599771984
1310 1.892893761337632 0.5401527697279428
1311 1.8771196466598183 0.5327251466940227
1312 1.892893761337632 0.5342833625168179
1313 1.9007808186765387 0.464913708465883
1314 1.9007808186765387 0.5202817050604733
1315 1.885006703998725 0.5056937169737513
1316 1.9007808186765387 0.5250011497609547
1317 1.9007808186765387 0.4856766973326121
1318 1.9086678760154454 0.45382672348086106
1319 1.9007808186765387 0.4685638308923261
1320 1.9086678760154454 0.4538524872729807
1321 1.9007808186765387 0.47681498031285785
1322 1.9007808186765387 0.5121426074165684
1323 1.892893761337632 0.46091436206752406
1324 1.885006703998725 0.4790583850467755
1325 1.892893761337632 0.4660844301441269
1326 1.9007808186765387 0.47169507176737563
1327 1.9165549333543523 0.5258956033236041
1328 1.9165549333543523 0.5135965705656415
1329 1.9165549333543523 0.4631542043906998
1330 1.9165549333543523 0.4574794591334888
1331 1.9007808186765387 0.46512838139523394
1332 1.9007808186765387 0.49486710075730417
1333 1.9165549333543523 0.513079811441303
1334 1.9165549333543523 0.5481655237092898
1335 1.924441990693259 0.4692128146025881
1336 1.924441990693259 0.4850861741490208
1337 1.932329048032166 0.4807688136064516
1338 1.9086678760154454 0.5152207018225525
1339 1.9086678760154454 0.4985418864129256
1340 1.9086678760154454 0.49960047831425136
1341 1.9165549333543523 0.4423029751240226
1342 1.9007808186765387 0.4445484508455903
1343 1.9086678760154454 0.5068866931971889
1344 1.9007808186765387 0.49927803995400577
1345 1.892893761337632 0.4848844413381332
1346 1.9007808186765387 0.4647819974938846
1347 1.9007808186765387 0.47689298272368297
1348 1.9007808186765387 0.44543480283615017
1349 1.892893761337632 0.47772165373328584
1350 1.9007808186765387 0.4757949186828928
1351 1.9086678760154454 0.5071158318730971
1352 1.9165549333543523 0.455278581597161
1353 1.9165549333543523 0.4513225759864289
1354 1.9086678760154454 0.4478936453397955
1355 1.9165549333543523 0.44910217462157853
1356 1.9165549333543523 0.46559431201704543
1357 1.9007808186765387 0.4359138759650308
1358 1.9007808186765387 0.4629169885860391
1359 1.892893761337632 0.47117274013670873
1360 1.9165549333543523 0.485437824385134
1361 1.9086678760154454 0.483527936618655
1362 1.9086678760154454 0.5010629937718517
1363 1.9165549333543523 0.4897409156261725
1364 1.9165549333543523 0.47356103753823703
1365 1.924441990693259 0.45479245572388466
1366 1.9402161053710727 0.488260321163488
1367 1.924441990693259 0.4987636875743851
1368 1.9165549333543523 0.5279210692056044
1369 1.9086678760154454 0.49070231963789795
1370 1.932329048032166 0.45211852329723196
1371 1.9402161053710727 0.43529525465742114
1372 1.9481031627099794 0.47045459197431105
1373 1.924441990693259 0.46884201750611987
1374 1.932329048032166 0.45247173991759626
1375 1.9402161053710727 0.5214504087561233
1376 1.9481031627099794 0.4823055297002613
1377 1.9559902200488863 0.45102632546570415
1378 1.9559902200488863 0.46774500102318517
1379 1.9402161053710727 0.43358311785077214
1380 1.9559902200488863 0.46508922047879664
1381 1.963877277387793 0.5361867550897941
1382 1.963877277387793 0.5143324509423384
1383 1.9796513920656067 0.43223957202444624
1384 1.9717643347267 0.4500696466422549
1385 1.9954255067434203 0.4662398866445049
1386 1.9796513920656067 0.4656561128115444
1387 1.9717643347267 0.43924532388073745
1388 1.9875384494045134 0.4311790908025027
1389 1.9717643347267 0.45620811483165036
1390 1.9875384494045134 0.46077755369157286
1391 1.9875384494045134 0.4692140051183736
1392 1.9717643347267 0.5131031491360597
1393 1.9717643347267 0.4763302581936738
1394 2.0190866787601407 0.515338211044474
1395 2.0033125640823273 0.47980406508142703
1396 1.9954255067434203 0.4344260387927657
1397 1.9954255067434203 0.41011578724288245
1398 2.0033125640823273 0.454384367995922
1399 2.0033125640823273 0.4969216780301906
1400 2.0033125640823273 0.46032325469664065
1401 2.0033125640823273 0.45058965385170857
1402 2.0190866787601407 0.4165957131204017
1403 2.0190866787601407 0.4435703816245188
1404 2.0269737360990474 0.46268515645562786
1405 2.011199621421234 0.43803774817736457
1406 2.011199621421234 0.4375800762196341
1407 2.011199621421234 0.4581917542740716
1408 2.0190866787601407 0.4672622591547901
1409 2.0190866787601407 0.4839392374475884
1410 2.0269737360990474 0.4523132458266659
1411 2.0190866787601407 0.48561123181702354
1412 2.0190866787601407 0.49441658172619657
1413 2.0427478507768613 0.48182954316529303
1414 2.0269737360990474 0.48276307714535543
1415 2.034860793437954 0.48035607271581426
1416 2.034860793437954 0.497414484556154
1417 2.050634908115768 0.46010749995568523
1418 2.050634908115768 0.4776110284837262
1419 2.0664090227935814 0.46260037296048373
1420 2.0427478507768613 0.4463296643793187
1421 2.050634908115768 0.4588549362771185
1422 2.0585219654546747 0.4299849574939922
1423 2.0585219654546747 0.45485070316585974
1424 2.050634908115768 0.4109236808142671
1425 2.0585219654546747 0.44354983016319877
1426 2.0585219654546747 0.45044499954158823
1427 2.0585219654546747 0.4204155815806479
1428 2.074296080132488 0.42385730184176934
1429 2.0664090227935814 0.3969671647424642
1430 2.0664090227935814 0.4101912169612888
1431 2.034860793437954 0.4066394171460784
1432 2.050634908115768 0.43992044190658164
1433 2.050634908115768 0.41282357093234967
1434 2.0664090227935814 0.40536460643958344
1435 2.0585219654546747 0.46228312322279996
1436 2.0585219654546747 0.4737402978315069
1437 2.0585219654546747 0.4542091694895333
1438 2.0664090227935814 0.432431353195078
1439 2.0664090227935814 0.4149880989435488
1440 2.074296080132488 0.4256005782497978
1441 2.074296080132488 0.4522190037094983
1442 2.074296080132488 0.4586563078968172
1443 2.0821831374713953 0.4612075644333134
1444 2.090070194810302 0.4614097334162633
1445 2.090070194810302 0.4445783035872919
1446 2.090070194810302 0.42536853401365127
1447 2.0821831374713953 0.4101152864292455
1448 2.1058443094881154 0.42031930519091687
1449 2.0979572521492087 0.4639002774070478
1450 2.090070194810302 0.4518365308246187
1451 2.1058443094881154 0.3960334225953579
1452 2.1058443094881154 0.40378257113188704
1453 2.1058443094881154 0.4309667023420985
1454 2.090070194810302 0.3873440748189746
1455 2.0979572521492087 0.3810658910992119
1456 2.0821831374713953 0.39429931993713013
1457 2.113731366827022 0.4024080779706255
1458 2.113731366827022 0.4170110436715168
1459 2.113731366827022 0.4273413635556785
1460 2.0979572521492087 0.4066907299834674
1461 2.090070194810302 0.4273475955154909
1462 2.090070194810302 0.4578788906028735
1463 2.1058443094881154 0.45276772393399567
1464 2.1058443094881154 0.42808101127625736
1465 2.1058443094881154 0.42786677635524584
1466 2.1058443094881154 0.3945122193378892
1467 2.113731366827022 0.39477266551885815
1468 2.113731366827022 0.4165566174721053
1469 2.1216184241659293 0.3902479971290145
1470 2.1216184241659293 0.37547896960689436
1471 2.129505481504836 0.4023503959272508
1472 2.129505481504836 0.43436034841362586
1473 2.1216184241659293 0.44510759477776024
1474 2.1216184241659293 0.44022493532554496
1475 2.113731366827022 0.43947632884359156
1476 2.1216184241659293 0.4430933758249206
1477 2.1452795961826494 0.45141135856726466
1478 2.1373925388437427 0.43331624861223533
1479 2.129505481504836 0.4319069140791825
1480 2.1452795961826494 0.4268096484201606
1481 2.1452795961826494 0.3762424351920234
1482 2.153166653521556 0.3682528770915229
1483 2.153166653521556 0.43205575144279024
1484 2.1452795961826494 0.4278884024759281
1485 2.1373925388437427 0.4572543277577353
1486 2.129505481504836 0.443513806053217
1487 2.1373925388437427 0.43089536323623057
1488 2.1373925388437427 0.4243099613675247
1489 2.1373925388437427 0.422642861206734
1490 2.153166653521556 0.37558914765515655
1491 2.153166653521556 0.36690402376619513
1492 2.1610537108604633 0.4199976788503747
1493 2.153166653521556 0.43272032509618413
1494 2.1610537108604633 0.4133078028548052
1495 2.153166653521556 0.38446864410985815
1496 2.1610537108604633 0.40638637261215504
1497 2.153166653521556 0.38953203898948835
1498 2.153166653521556 0.4450279247180239
1499 2.1610537108604633 0.48801989096276455
1500 2.16894076819937 0.41562724113715943
1501 2.16894076819937 0.3917323301591555
